0 -0.0013075606709700442
1 0.08139642739514742
2 0.12205187332677293
3 0.17276130737305523
4 0.19454760175790672
5 0.2201180873835125
6 0.260239837245219
7 0.2644081435353829
8 0.27296940061005254
9 0.2860531878935184
10 0.2854569286858801
11 0.2935375874768754
12 0.3162537683198967
13 0.30896899100898356
14 0.3376182708906742
15 0.3282994344610687
16 0.3436993349717171
17 0.34259158812174434
18 0.3468658624915272
19 0.3411532535453589
20 0.34410486953505776
21 0.3421109928607239
22 0.33101746103395735
23 0.34996932289045796
24 0.3429716559803371
25 0.3383560581481653
26 0.35073047266461965
27 0.3399315551081675
28 0.3472889035716436
29 0.349261501838077
30 0.34709116402780815
31 0.36851438401514247
32 0.3451149423248839
33 0.3664119797701564
34 0.3488698001684518
35 0.3569438427382167
36 0.34630159887485223
37 0.36163240047711254
38 0.3544551130406219
39 0.3662338689678703
40 0.35918280109887135
41 0.3878580925541031
42 0.36734649374808936
43 0.3692840803908002
44 0.37504157314241743
45 0.3665054783609417
46 0.381262325381208
47 0.377975905513665
48 0.37651048903160217
49 0.3845374763178885
50 0.3759399568616991
51 0.3592488027106917
52 0.39027207119710994
53 0.3827636556740417
54 0.38120035175758565
55 0.3796976697388759
56 0.38449687026804935
57 0.36302782987945104
58 0.3728996410273756
59 0.38179338813086316
60 0.3804740297182527
61 0.38649068817375526
62 0.3760048161702583
63 0.37999046984034124
64 0.3773087452378574
65 0.3857656803359114
66 0.39315883342577473
67 0.3926201497178779
68 0.36941300701098906
69 0.40042702611815256
70 0.3879465362644709
71 0.39545173174579673
72 0.3917167034491655
73 0.38355074087866453
74 0.38100735194012864
75 0.39058234763748917
76 0.38379172375963233
77 0.3790964483189853
78 0.37116166898074227
79 0.40975693174447636
80 0.38603306695543155
81 0.3965257671145865
82 0.393185741980004
83 0.3962701548909017
84 0.4063754858895205
85 0.3902259303379347
86 0.3982943921577566
87 0.4065383796261402
88 0.3887542772514136
89 0.4120371803079065
90 0.3934692306066177
91 0.41668390187165816
92 0.4052530253957611
93 0.398717578196197
94 0.39284616049756566
95 0.40566161774091203
96 0.3985362967850927
97 0.39665700761868194
98 0.4049007917313929
99 0.39547620185589644
100 0.39790612053759117
101 0.3986619080936886
102 0.4026131237008588
103 0.40328319158027365
104 0.4054069823705328
105 0.3885538299881166
106 0.40564410929445843
107 0.39410623027174807
108 0.394566157959639
109 0.41116307594965024
110 0.4062023702443507
111 0.40340848998052153
112 0.4048477963284808
113 0.401016043156154
114 0.40485985681240955
115 0.4043715509443213
116 0.42324551583097786
117 0.4157763472959162
118 0.3994667206641294
119 0.40412069593639616
120 0.3978321585741119
121 0.4040437392832325
122 0.4159770154509049
123 0.40134594854431865
124 0.41390145180563215
125 0.40192448615931287
126 0.39959224471418525
127 0.4220956673146774
128 0.4103339726817987
129 0.4108284858107703
130 0.423625252370327
131 0.4184465275181474
132 0.40849345056422576
133 0.40170276365359486
134 0.42481115244468365
135 0.41378005935708073
136 0.42289852948804035
137 0.40810521428278435
138 0.413791159981214
139 0.41179602012744215
140 0.4087371808508415
141 0.4052088143551594
142 0.42100787080691826
143 0.42390594356380584
144 0.40162729726954327
145 0.4200757303148303
146 0.41301202722109165
147 0.39999002841563797
148 0.4190401467440074
149 0.40022198689209837
150 0.41024738040606523
151 0.4024319246366965
152 0.4080948047237411
153 0.42166043571147005
154 0.41438122330291777
155 0.4174811092384976
156 0.41543355049764463
157 0.4237234497484294
158 0.42106841728726585
159 0.431639296358664
160 0.4203376771465216
161 0.40564883998813644
162 0.4072830607995954
163 0.4173269263341819
164 0.42140104661074607
165 0.42406075264507453
166 0.4259551818465946
167 0.41606033576855284
168 0.41922301913153454
169 0.4248248705748477
170 0.3975647532076922
171 0.41401188359054863
172 0.4059413257471391
173 0.41554694375699724
174 0.41929960795112786
175 0.41285886104696934
176 0.4161594058147423
177 0.4234376914404843
178 0.4183771144965071
179 0.41791607024527655
180 0.43085450173529394
181 0.41487365951984573
182 0.41979874059516337
183 0.4152435770918504
184 0.4240942899553839
185 0.4259372837919676
186 0.4249440188815539
187 0.4301830882925899
188 0.42018500852428353
189 0.43621572936038827
190 0.4267853986255127
191 0.4224219763215806
192 0.42604713738869165
193 0.42921102172309433
194 0.41730740251435916
195 0.41256723918983434
196 0.40940929238995205
197 0.4145420904954692
198 0.42335115404028834
199 0.4302679985196836
200 0.43190139352359824
201 0.41149695959987204
202 0.4281614048301145
203 0.420869305285378
204 0.43081415406857787
205 0.4143390233491995
206 0.42020385651167685
207 0.4218140376089613
208 0.43275575637470254
209 0.4073766946292552
210 0.4256465769897833
211 0.41957391711895226
212 0.41105827843865106
213 0.4302319660650629
214 0.42199582560116916
215 0.4299521033544517
216 0.42185423160983015
217 0.42249814829282356
218 0.4280450118976855
219 0.4277691051642443
220 0.42750158657530335
221 0.423000050373204
222 0.4198194970161346
223 0.42947217097609736
224 0.4402702108317764
225 0.4272838268843789
226 0.4204510485405228
227 0.43778966716115614
228 0.42545187895390474
229 0.4076052414827815
230 0.4187407700764849
231 0.4168212956201982
232 0.4142026686796074
233 0.43520708648497825
234 0.4341498896467071
235 0.42344496165223416
236 0.4261241074072136
237 0.4210301212247645
238 0.42733907005983196
239 0.4418344328200313
240 0.43378057810181836
241 0.43338197154532077
242 0.4306523597524146
243 0.44126799188303784
244 0.42664926270010967
245 0.4152176545037393
246 0.43554136112837716
247 0.427779145561573
248 0.4216076476641887
249 0.4277246691341471
250 0.40020615939625226
251 0.4258010643929816
252 0.44940270678085836
253 0.4347413393276668
254 0.4366334160951954
255 0.4306353236171416
256 0.4381111812309072
257 0.4274413229823511
258 0.41475055830527024
259 0.44724244693833165
260 0.4299070068509508
261 0.41915764461053945
262 0.43648547801460913
263 0.43269102269737925
264 0.44483459776102174
265 0.4267196676555827
266 0.43468810634427246
267 0.43260355500027514
268 0.44398612366550294
269 0.43717274654967453
270 0.42494897376663754
271 0.4227904189772315
272 0.4372925028620836
273 0.43734267888142214
274 0.4476048595243645
275 0.4313245542435313
276 0.4247533468928201
277 0.43340212330674177
278 0.4314377194336799
279 0.43029791280455687
280 0.42316951904155803
281 0.4205463972214436
282 0.401830594035517
283 0.41122548680953763
284 0.4265961894750245
285 0.4182437044274298
286 0.42195837096964833
287 0.43153509168204135
288 0.4486647926038398
289 0.435598293816896
290 0.4362992212050847
291 0.4489362284534421
292 0.43121888738299674
293 0.42676393896928205
294 0.4350830009627748
295 0.44074634796815726
296 0.4217724912314348
297 0.4300136539963124
298 0.4362583414276157
299 0.4268762841828221
300 0.43598120675935464
301 0.4251469954098388
302 0.45187841951540775
303 0.4258473768713785
304 0.4337667821443814
305 0.4196705623111142
306 0.42675644874531155
307 0.4451428923174802
308 0.42890014389452563
309 0.41904698682124547
310 0.42938192525367896
311 0.45809429147673664
312 0.4330259874404127
313 0.42651334809507957
314 0.4216641995397401
315 0.43722142106489376
316 0.4298924827851567
317 0.42754754625688696
318 0.4341181558895626
319 0.42684722288708304
320 0.4286249376722373
321 0.42533863700243824
322 0.4374826949862133
323 0.44896499776720633
324 0.4508294035750032
325 0.42976966845245995
326 0.4358661673519078
327 0.44276736855800863
328 0.44781877126430797
329 0.43386180608999514
330 0.44855247865949566
331 0.43769933907386693
332 0.42609846728174805
333 0.4445148986377303
334 0.42804643462659026
335 0.4210774246444429
336 0.4241318756600058
337 0.4453401549377019
338 0.4420856507009147
339 0.4500568934496386
340 0.4393587020520256
341 0.4229464537876073
342 0.4427642473290008
343 0.44410691977167793
344 0.43431364276098006
345 0.43800485537196876
346 0.4262577814127535
347 0.4492282018814695
348 0.44576309270091696
349 0.4343779839193527
350 0.427156180859054
351 0.4395056086905125
352 0.4464338190355721
353 0.4367568431273718
354 0.4389987903942099
355 0.4436917979695002
356 0.44561893612954595
357 0.42529104559687686
358 0.46285715988084286
359 0.43414918140982045
360 0.44102091412458455
361 0.4361282912283957
362 0.4427424644369343
363 0.4362069630916763
364 0.4243880796724858
365 0.42976875879368476
366 0.426706555083549
367 0.4461266591466277
368 0.4490919096515291
369 0.4416566826291332
370 0.4389617141870583
371 0.44247558648663277
372 0.45537103931426953
373 0.4239516791508924
374 0.44457452225497096
375 0.4495069648581949
376 0.4379403664824696
377 0.4401567161981436
378 0.4369724092215188
379 0.43631371489390414
380 0.4511828984632512
381 0.44193476531911113
382 0.43997574303959436
383 0.4501983397526111
384 0.4353113033111524
385 0.44364131114641586
386 0.4290296423270508
387 0.45144200738679474
388 0.44519969446571533
389 0.4246325731352999
390 0.43295020792971
391 0.4401656491866294
392 0.4355595881817338
393 0.42187572949900926
394 0.4350497071426985
395 0.425677701160285
396 0.4472053492043556
397 0.43588083440806347
398 0.42884348801817784
399 0.45398606817333576
400 0.42062465972834195
401 0.4390414760673442
402 0.45131786014179576
403 0.4455775386966872
404 0.4359934386202568
405 0.43890316693389636
406 0.44625539787388974
407 0.4377377189211448
408 0.43868744186900777
409 0.4197765855128509
410 0.42712782269341815
411 0.4380259508407691
412 0.4372375946750794
413 0.4460439253817391
414 0.4477088268542762
415 0.4501133097512431
416 0.43326202297859
417 0.439493402149371
418 0.4255581089457313
419 0.44611184669412784
420 0.4428800560916094
421 0.4412425055741105
422 0.4437314827478981
423 0.43819976412905887
424 0.4367787807681212
425 0.42274579994042105
426 0.44747997136533807
427 0.43004255647751993
428 0.4413979571398599
429 0.43690851912670525
430 0.43495665377079273
431 0.44066912878754505
432 0.4481301613387287
433 0.4442651480642609
434 0.4365334988372002
435 0.42802579031477267
436 0.43421350281001103
437 0.4516215083707583
438 0.4426323111404879
439 0.42749084797798925
440 0.42773309495493306
441 0.44025586706814457
442 0.4410156145757519
443 0.4413769232849178
444 0.4419796989595767
445 0.4391543068670029
446 0.4393594476738909
447 0.4390872961842859
448 0.42868323853867674
449 0.4471904241296336
450 0.4281860249364634
451 0.4442520102187296
452 0.4307293438418107
453 0.4460879526750037
454 0.44385897874919444
455 0.44425846511333084
456 0.43730011473487673
457 0.4235666648626117
458 0.42957560995118
459 0.44987444938125815
460 0.4273062027412074
461 0.43870913791117955
462 0.457057514939326
463 0.4341935993357067
464 0.427877704510875
465 0.4399664574121681
466 0.4343510089768335
467 0.4304038254358973
468 0.4400726654389106
469 0.44591702362697316
470 0.440522060791297
471 0.45357317979083595
472 0.4455806128088561
473 0.4404101127834085
474 0.43660537438164165
475 0.43072040494004493
476 0.43179075991378224
477 0.4350895595496951
478 0.4421676202332423
479 0.4351037213538179
480 0.43630620252972363
481 0.44148799473554123
482 0.4373060688552143
483 0.43737416043348676
484 0.4394105913505343
485 0.4250781778218601
486 0.4497156213774707
487 0.42790861131181895
488 0.4434305483260723
489 0.44099935354366954
490 0.44016316164213176
491 0.4385174320557711
492 0.4490109978853603
493 0.4504635045182526
494 0.4517896609049799
495 0.4338556927250356
496 0.4407571905771265
497 0.45469640182351134
498 0.4392036958384684
499 0.44960770234405084
500 0.456726693138675
501 0.44287243598282816
502 0.43186028193887044
503 0.45159787938307366
504 0.44445649469393983
505 0.4430341184084651
506 0.44119194064707806
507 0.43913099458895893
508 0.4539399553094772
509 0.4468375014431682
510 0.43430872193641346
511 0.44668383337862855
512 0.42861289057094826
513 0.4382089527519938
514 0.43874874221886767
515 0.45169618588042987
516 0.4308376646902455
517 0.4539765707278591
518 0.4410573017018366
519 0.44289111757661437
520 0.4341143596353202
521 0.4425134896974818
522 0.4430811988348663
523 0.4309658825750638
524 0.4334269853709277
525 0.438670576042263
526 0.42370363556978896
527 0.44089219245873784
528 0.4435189473292763
529 0.4266570092761257
530 0.43094078842398376
531 0.44072047537779285
532 0.45304995457878544
533 0.452345776026861
534 0.44368631501445627
535 0.4243620441149644
536 0.4538268744815508
537 0.4473143519508397
538 0.4412251581717039
539 0.4422953934186451
540 0.44589471226186717
541 0.4442962537135056
542 0.4322804533718451
543 0.443280623151845
544 0.43993963346095566
545 0.4357090185353024
546 0.43686851444973657
547 0.43417325018619246
548 0.44264370960452865
549 0.4505231747639621
550 0.45642235373156165
551 0.4466620048185589
552 0.4440210085948534
553 0.4380787887056023
554 0.4464580398846703
555 0.4425361023839471
556 0.4378160715269358
557 0.44064484745097854
558 0.4535298982455007
559 0.4442842641199407
560 0.44264801360812
561 0.4400196814036981
562 0.4511811256522064
563 0.4469877003986121
564 0.4567561327595116
565 0.44789475785840344
566 0.45073275434884125
567 0.44938260605437097
568 0.446727952597573
569 0.45209674162278707
570 0.4377337926660633
571 0.4435649902201661
572 0.45281679909449746
573 0.4325954207765001
574 0.44247512152894364
575 0.43259371168343574
576 0.45221171447381736
577 0.44991417359364655
578 0.4245093380451301
579 0.4485334879284995
580 0.43845242816679897
581 0.448329004610419
582 0.44462303885599835
583 0.43844668850733204
584 0.44424083461400854
585 0.4393135173985418
586 0.45173592830600967
587 0.4464511190672791
588 0.42717396422500664
589 0.4637236696716636
590 0.43958567966208717
591 0.45574393280669384
592 0.44670358003986327
593 0.4412263158287958
594 0.42982835972742467
595 0.4440132072141983
596 0.4343157635235686
597 0.448077792805903
598 0.44468261207088167
599 0.4580070439146269
600 0.4427057796338076
601 0.44330338307780964
602 0.4512052191040511
603 0.4500022762003186
604 0.44567644145235846
605 0.45420100295187055
606 0.42801047921965385
607 0.4443325598864737
608 0.4515094387244495
609 0.44541271951957556
610 0.4390357763556111
611 0.43391068359443863
612 0.437688479852587
613 0.4326340499335557
614 0.42501218860277407
615 0.44561454155693053
616 0.42012269768437305
617 0.44051372229023894
618 0.4545269834040913
619 0.45057665641619143
620 0.43541653018645926
621 0.44490513186070635
622 0.4414269655296427
623 0.44960535215820685
624 0.44894645286374607
625 0.43692580504866063
626 0.44745855120092
627 0.4326121353798265
628 0.42859700214562424
629 0.44091516827405175
630 0.445480800860526
631 0.44593828693886806
632 0.4497106944160759
633 0.449978322358974
634 0.42811933902812205
635 0.4440489645004007
636 0.4405752897574442
637 0.45297649271871904
638 0.43836257544941926
639 0.46512691707221315
640 0.43717716238469617
641 0.4407523598568122
642 0.4504369343219966
643 0.4455541216455313
644 0.43666136136487144
645 0.4399054666864865
646 0.44152820684495764
647 0.4425087590173461
648 0.44409873628974195
649 0.45113645691820603
650 0.4439801423099769
651 0.46162294968312706
652 0.4384657115124051
653 0.4234520417479331
654 0.4394774657964277
655 0.439634629451876
656 0.4587180928440105
657 0.448595345782202
658 0.4607219218533595
659 0.4441807378516645
660 0.4422499651094178
661 0.4430874915709325
662 0.43020833277353904
663 0.4554162652138857
664 0.4459817825092081
665 0.43442181914689876
666 0.45994295252566314
667 0.45380838517182676
668 0.46416004274190104
669 0.4479605871238726
670 0.43954061410800704
671 0.4466559582922133
672 0.4612621540795381
673 0.4493346219375318
674 0.4543844938033851
675 0.44221713275214647
676 0.4422059150082043
677 0.4385177306058404
678 0.43879275419464736
679 0.4471740658614202
680 0.44056544635025874
681 0.44269809951296174
682 0.44891428438230596
683 0.44643364575076705
684 0.4463568463471089
685 0.44413563233487874
686 0.4377455681455732
687 0.4509277216870672
688 0.43474622886482783
689 0.45580063031060897
690 0.43991794573473986
691 0.4476720109487682
692 0.4376132502971504
693 0.4384809183355571
694 0.45678196307253405
695 0.4425188738630429
696 0.46198499740089827
697 0.43321714190917227
698 0.4481341527566628
699 0.441390204436719
700 0.45026161353396527
701 0.456972694419635
702 0.4502810396287659
703 0.43138470106194104
704 0.4350331953095091
705 0.4406070353783614
706 0.4463863964602625
707 0.4287608781307476
708 0.4384300039486887
709 0.4365495278628727
710 0.4339815193335781
711 0.4444616520100439
712 0.4367730646548171
713 0.4541087525005629
714 0.44314580096153566
715 0.4558509598470796
716 0.44602606840067516
717 0.46442144361275495
718 0.4620925306384933
719 0.4311600889805169
720 0.45985772233333433
721 0.4368505485357971
722 0.4376797020053491
723 0.43985906276719483
724 0.4535482111663163
725 0.44661587929253765
726 0.449189247444658
727 0.4553593444650486
728 0.44848949884982237
729 0.43658667188510286
730 0.4460031610367581
731 0.45261594618136103
732 0.45063147138854137
733 0.4605344079412582
734 0.4447239101196621
735 0.4440205712638945
736 0.44516110008102605
737 0.43341441181643203
738 0.4261545910494885
739 0.44626731687379106
740 0.44689247212682826
741 0.43845321395877396
742 0.4320536845765236
743 0.4415554587863104
744 0.44585674906725237
745 0.4338083895333731
746 0.4399848179610002
747 0.44712869866893706
748 0.45365949826593716
749 0.44358060289576423
750 0.4529450025839858
751 0.42953438047832276
752 0.4487098420488564
753 0.45443886239039816
754 0.4333136087938424
755 0.44854380580844794
756 0.4367544757733509
757 0.4435245543517528
758 0.45292313711017324
759 0.45432103968388166
760 0.44816987084498705
761 0.45514687553560723
762 0.43432395977260985
763 0.43223536220266057
764 0.4540141162447486
765 0.4461376939761617
766 0.43897226853669696
767 0.42700729215889516
768 0.4452518977791298
769 0.43076009340018906
770 0.4526660155767319
771 0.44139594320380515
772 0.4553580335409423
773 0.4559314815864216
774 0.43841582499393905
775 0.4461928949120631
776 0.446729293958775
777 0.44272596826277877
778 0.44623153354829836
779 0.4381171265593815
780 0.4536334190327885
781 0.46379128387018004
782 0.41783479283630104
783 0.45387320106583445
784 0.46475636720112296
785 0.4434976383851176
786 0.43746329795706335
787 0.42382546158269835
788 0.42882341328575635
789 0.45465895085914165
790 0.44659909676100373
791 0.46512615942915825
792 0.45087715519996113
793 0.4531409770360757
794 0.4444992253074366
795 0.45000708413122
796 0.4469442775765964
797 0.4393279255035376
798 0.45304942611831833
799 0.4286231167386271
800 0.444600835223821
801 0.4557622867238679
802 0.44728073384626293
803 0.4542350072629709
804 0.43848777533700634
805 0.44192574342160335
806 0.45485394411844254
807 0.4531085731571604
808 0.44350887407115147
809 0.43589924816778397
810 0.44687393962614214
811 0.44325950656038393
812 0.4405372608711588
813 0.4436497887177157
814 0.43880394736634376
815 0.44981474171701635
816 0.4341135130939775
817 0.44598475538051885
818 0.443714062313633
819 0.4480339739571957
820 0.4562542956031846
821 0.4353673958380062
822 0.4433195578245625
823 0.4384188411777989
824 0.4456411930364494
825 0.4594366181017947
826 0.44223118104809567
827 0.45608227340997554
828 0.44873513731328085
829 0.44197836726308265
830 0.4466900084108994
831 0.4412064290504853
832 0.42886251457562835
833 0.4614540211226556
834 0.44473810125207
835 0.45180431064108245
836 0.43925515117383634
837 0.4490037292660191
838 0.4545577298365727
839 0.4374689893911257
840 0.4598281582110133
841 0.44106657894210327
842 0.444297720084523
843 0.4324432153947346
844 0.4357989632277863
845 0.44898087686163485
846 0.44807962066232754
847 0.44205091161133875
848 0.43120932885531044
849 0.4288659182764178
850 0.43816963346303234
851 0.4324170283240644
852 0.4469330169744039
853 0.4490456394819985
854 0.44412234779015075
855 0.4378658464657546
856 0.4406044082333245
857 0.4427580177393951
858 0.44816831906533366
859 0.45556180703860194
860 0.4494196826696861
861 0.45443802594634136
862 0.4540387006281945
863 0.4252883379914677
864 0.4497217774589275
865 0.4437287725604549
866 0.45513473762298046
867 0.44269178545932447
868 0.4330505263790326
869 0.44210419100845955
870 0.42621372656436846
871 0.45539326914454076
872 0.46301181210001197
873 0.4334916584944784
874 0.44708961981150336
875 0.44664336148885037
876 0.4490264130237664
877 0.4603162145420724
878 0.4394391462624378
879 0.45182621324101513
880 0.4610350486773988
881 0.435596817487961
882 0.4499829960342183
883 0.4445466501173122
884 0.4458516133722865
885 0.4465527491322922
886 0.4565686446840755
887 0.43615442355256573
888 0.45662377874039767
889 0.4484173448247337
890 0.4494899832091888
891 0.43030775024434476
892 0.45164271737580186
893 0.4540662741167314
894 0.4414094493862702
895 0.44410104784447657
896 0.44266504597395434
897 0.4225311664361184
898 0.44925964333929563
899 0.44452041991569974
900 0.45317093159297006
901 0.43062770135541184
902 0.4456478449077161
903 0.4335387776518165
904 0.4648121992994318
905 0.456420230345874
906 0.4372093444859833
907 0.45343719824226547
908 0.43492493965083884
909 0.431103278882332
910 0.4517524506632144
911 0.4492745610719891
912 0.45478456798585165
913 0.4424176930793401
914 0.46564179332569805
915 0.449182417488669
916 0.4453391468614516
917 0.4513763801354191
918 0.43165354967652353
919 0.44218539447930816
920 0.44409457221020315
921 0.43293838896720166
922 0.43856354491613464
923 0.45545752359689273
924 0.4675123403720047
925 0.44439792739677453
926 0.43159507910065675
927 0.4309830039933798
928 0.4314881694787768
929 0.4504190046320442
930 0.4423336165659756
931 0.4633499850483974
932 0.44679580272201075
933 0.46733659537368044
934 0.4357468431777891
935 0.444732179408259
936 0.4399069719173991
937 0.4492008313120418
938 0.4577709023380842
939 0.4537346746140643
940 0.4493554340719777
941 0.4614220892920315
942 0.4515914465869099
943 0.44995762988005805
944 0.44418518095716025
945 0.42845083304685205
946 0.4415178772549361
947 0.4322395488641886
948 0.4261925495609759
949 0.4527400808061758
950 0.4430393096662465
951 0.43621505063971994
952 0.44168872455725156
953 0.4576383125397062
954 0.43094585293916965
955 0.45961912646688047
956 0.4486299332166871
957 0.44386348369445017
958 0.44475942866300666
959 0.45216894592398876
960 0.45605898324087135
961 0.4467609287004355
962 0.4470532042429427
963 0.44504025652504403
964 0.4575474249937832
965 0.45207552357179126
966 0.44558576258292276
967 0.45891682984850884
968 0.4459950897565827
969 0.43937826789588635
970 0.4425593959172288
971 0.4439506819583018
972 0.44492730009245485
973 0.4507769228475626
974 0.441860220364229
975 0.44434560880825286
976 0.4353459052512399
977 0.44231275357028654
978 0.43655010823945617
979 0.43945067179988323
980 0.45738555965189087
981 0.4478951683174393
982 0.45356878634541437
983 0.45681651434168663
984 0.4447799912958396
985 0.44879255838108084
986 0.46395859653371485
987 0.443891301783564
988 0.46004310667401027
989 0.44693266110519153
990 0.42407940475294764
991 0.43931590342770993
992 0.4496041781091389
993 0.45377686445343085
994 0.4433596751980768
995 0.45968431345853394
996 0.4530952801297941
997 0.44437793779257945
998 0.4550411020822153
999 0.4387301814109731
