
0 0.09550000000000007
1 0.1355000000000001
2 0.1565000000000001
3 0.17250000000000013
4 0.20550000000000015
5 0.22200000000000017
6 0.23550000000000018
7 0.2495000000000002
8 0.25450000000000017
9 0.2675000000000002
10 0.2815000000000002
11 0.2780000000000002
12 0.2990000000000002
13 0.3045000000000002
14 0.3025000000000002
15 0.3115000000000002
16 0.3130000000000002
17 0.3140000000000002
18 0.32100000000000023
19 0.32850000000000024
20 0.33100000000000024
21 0.34050000000000025
22 0.34050000000000025
23 0.33800000000000024
24 0.34100000000000025
25 0.33600000000000024
26 0.34200000000000025
27 0.34600000000000025
28 0.35350000000000026
29 0.34500000000000025
30 0.35950000000000026
31 0.3705000000000003
32 0.35650000000000026
33 0.36550000000000027
34 0.36850000000000027
35 0.3700000000000003
36 0.36500000000000027
37 0.36900000000000027
38 0.3725000000000003
39 0.3760000000000003
40 0.3775000000000003
41 0.3855000000000003
42 0.3860000000000003
43 0.3845000000000003
44 0.3910000000000003
45 0.3935000000000003
46 0.3930000000000003
47 0.4030000000000003
48 0.4155000000000003
49 0.3965000000000003
50 0.4005000000000003
51 0.4085000000000003
52 0.4155000000000003
53 0.4105000000000003
54 0.4120000000000003
55 0.4165000000000003
56 0.4205000000000003
57 0.4165000000000003
58 0.4155000000000003
59 0.43200000000000033
60 0.4240000000000003
61 0.4225000000000003
62 0.4310000000000003
63 0.4260000000000003
64 0.4280000000000003
65 0.4255000000000003
66 0.4280000000000003
67 0.43550000000000033
68 0.43450000000000033
69 0.44450000000000034
70 0.44200000000000034
71 0.44450000000000034
72 0.44100000000000034
73 0.44650000000000034
74 0.45400000000000035
75 0.45200000000000035
76 0.45450000000000035
77 0.45350000000000035
78 0.44300000000000034
79 0.46500000000000036
80 0.46750000000000036
81 0.46950000000000036
82 0.45750000000000035
83 0.46500000000000036
84 0.47550000000000037
85 0.47450000000000037
86 0.4825000000000004
87 0.48150000000000037
88 0.47300000000000036
89 0.47850000000000037
90 0.47300000000000036
91 0.48050000000000037
92 0.47950000000000037
93 0.47600000000000037
94 0.4850000000000004
95 0.4930000000000004
96 0.4830000000000004
97 0.47850000000000037
98 0.4835000000000004
99 0.4890000000000004
100 0.4850000000000004
101 0.4835000000000004
102 0.5035
103 0.4885000000000004
104 0.4825000000000004
105 0.48050000000000037
106 0.4880000000000004
107 0.5015000000000002
108 0.4940000000000004
109 0.4840000000000004
110 0.4935000000000004
111 0.4955000000000004
112 0.503
113 0.5089999999999993
114 0.5079999999999995
115 0.5015000000000002
116 0.5000000000000003
117 0.5074999999999995
118 0.5000000000000003
119 0.5074999999999995
120 0.4965000000000004
121 0.4900000000000004
122 0.5044999999999998
123 0.5035
124 0.5044999999999998
125 0.5025000000000001
126 0.5084999999999994
127 0.511999999999999
128 0.5149999999999987
129 0.5164999999999985
130 0.5189999999999982
131 0.5174999999999984
132 0.5189999999999982
133 0.5174999999999984
134 0.5249999999999976
135 0.5204999999999981
136 0.5234999999999977
137 0.5169999999999985
138 0.5224999999999979
139 0.5199999999999981
140 0.5189999999999982
141 0.5234999999999977
142 0.5294999999999971
143 0.5344999999999965
144 0.5289999999999971
145 0.5359999999999964
146 0.530499999999997
147 0.5339999999999966
148 0.5384999999999961
149 0.5219999999999979
150 0.5339999999999966
151 0.5284999999999972
152 0.5309999999999969
153 0.5359999999999964
154 0.530499999999997
155 0.5409999999999958
156 0.5414999999999958
157 0.5374999999999962
158 0.5314999999999969
159 0.5434999999999955
160 0.5429999999999956
161 0.538999999999996
162 0.5409999999999958
163 0.5349999999999965
164 0.5449999999999954
165 0.5524999999999946
166 0.5509999999999947
167 0.5499999999999948
168 0.5589999999999938
169 0.5504999999999948
170 0.5529999999999945
171 0.5539999999999944
172 0.5499999999999948
173 0.556999999999994
174 0.5564999999999941
175 0.5564999999999941
176 0.557499999999994
177 0.5594999999999938
178 0.5624999999999934
179 0.5609999999999936
180 0.5614999999999936
181 0.5594999999999938
182 0.5564999999999941
183 0.5509999999999947
184 0.5609999999999936
185 0.5614999999999936
186 0.5639999999999933
187 0.5639999999999933
188 0.5604999999999937
189 0.5654999999999931
190 0.5714999999999925
191 0.5614999999999936
192 0.5604999999999937
193 0.5644999999999932
194 0.5659999999999931
195 0.556999999999994
196 0.5619999999999935
197 0.5839999999999911
198 0.5724999999999923
199 0.5764999999999919
200 0.5739999999999922
201 0.5654999999999931
202 0.5694999999999927
203 0.575499999999992
204 0.575499999999992
205 0.5639999999999933
206 0.5749999999999921
207 0.5729999999999923
208 0.5799999999999915
209 0.5749999999999921
210 0.5879999999999906
211 0.5794999999999916
212 0.584499999999991
213 0.5799999999999915
214 0.5824999999999912
215 0.5914999999999903
216 0.5874999999999907
217 0.5784999999999917
218 0.5774999999999918
219 0.5789999999999916
220 0.5744999999999921
221 0.584499999999991
222 0.5874999999999907
223 0.5929999999999901
224 0.5829999999999912
225 0.5959999999999898
226 0.5874999999999907
227 0.5884999999999906
228 0.5864999999999908
229 0.5834999999999911
230 0.5854999999999909
231 0.5869999999999908
232 0.5899999999999904
233 0.5944999999999899
234 0.5959999999999898
235 0.5909999999999903
236 0.5879999999999906
237 0.584499999999991
238 0.5924999999999901
239 0.5969999999999897
240 0.5984999999999895
241 0.5979999999999895
242 0.602999999999989
243 0.5994999999999894
244 0.5969999999999897
245 0.5974999999999896
246 0.6084999999999884
247 0.6049999999999888
248 0.5969999999999897
249 0.59399999999999
250 0.5954999999999898
251 0.6004999999999893
252 0.5949999999999899
253 0.5979999999999895
254 0.6089999999999883
255 0.6039999999999889
256 0.6039999999999889
257 0.6109999999999881
258 0.602499999999989
259 0.6039999999999889
260 0.602499999999989
261 0.5979999999999895
262 0.6074999999999885
263 0.602499999999989
264 0.6104999999999882
265 0.6079999999999884
266 0.6124999999999879
267 0.6164999999999875
268 0.6064999999999886
269 0.6229999999999868
270 0.6094999999999883
271 0.6049999999999888
272 0.621499999999987
273 0.6144999999999877
274 0.6104999999999882
275 0.6074999999999885
276 0.6134999999999878
277 0.611999999999988
278 0.6104999999999882
279 0.6179999999999873
280 0.6154999999999876
281 0.6059999999999887
282 0.6049999999999888
283 0.6159999999999876
284 0.6169999999999874
285 0.6059999999999887
286 0.6319999999999858
287 0.6239999999999867
288 0.6204999999999871
289 0.6259999999999865
290 0.6224999999999868
291 0.6204999999999871
292 0.6239999999999867
293 0.611999999999988
294 0.6154999999999876
295 0.6269999999999863
296 0.6079999999999884
297 0.6154999999999876
298 0.6184999999999873
299 0.6229999999999868
300 0.6169999999999874
301 0.6289999999999861
302 0.6309999999999859
303 0.6284999999999862
304 0.621499999999987
305 0.6254999999999865
306 0.6339999999999856
307 0.6314999999999859
308 0.6244999999999866
309 0.6249999999999866
310 0.630499999999986
311 0.6334999999999856
312 0.638999999999985
313 0.6364999999999853
314 0.6134999999999878
315 0.6354999999999854
316 0.6309999999999859
317 0.6234999999999867
318 0.638999999999985
319 0.6254999999999865
320 0.6324999999999857
321 0.6294999999999861
322 0.6294999999999861
323 0.6409999999999848
324 0.6289999999999861
325 0.6309999999999859
326 0.6439999999999845
327 0.6364999999999853
328 0.6409999999999848
329 0.6314999999999859
330 0.6344999999999855
331 0.6269999999999863
332 0.6349999999999855
333 0.6379999999999851
334 0.6319999999999858
335 0.6309999999999859
336 0.6319999999999858
337 0.6409999999999848
338 0.6454999999999843
339 0.6339999999999856
340 0.6354999999999854
341 0.6324999999999857
342 0.6384999999999851
343 0.6344999999999855
344 0.6414999999999847
345 0.6319999999999858
346 0.6339999999999856
347 0.6439999999999845
348 0.6279999999999862
349 0.6354999999999854
350 0.6334999999999856
351 0.6334999999999856
352 0.6309999999999859
353 0.6434999999999845
354 0.6354999999999854
355 0.6424999999999846
356 0.6384999999999851
357 0.6314999999999859
358 0.6469999999999841
359 0.647999999999984
360 0.6309999999999859
361 0.6264999999999864
362 0.6489999999999839
363 0.6429999999999846
364 0.6269999999999863
365 0.6434999999999845
366 0.6364999999999853
367 0.6404999999999849
368 0.6509999999999837
369 0.6504999999999838
370 0.6404999999999849
371 0.6524999999999835
372 0.6464999999999842
373 0.6494999999999839
374 0.6454999999999843
375 0.6544999999999833
376 0.6424999999999846
377 0.6439999999999845
378 0.639499999999985
379 0.6449999999999844
380 0.6454999999999843
381 0.6504999999999838
382 0.6499999999999838
383 0.6494999999999839
384 0.6439999999999845
385 0.6504999999999838
386 0.6489999999999839
387 0.6534999999999834
388 0.6529999999999835
389 0.6444999999999844
390 0.6414999999999847
391 0.648499999999984
392 0.6454999999999843
393 0.6419999999999847
394 0.6424999999999846
395 0.638999999999985
396 0.6519999999999836
397 0.656999999999983
398 0.6429999999999846
399 0.6629999999999824
400 0.6579999999999829
401 0.6624999999999824
402 0.6579999999999829
403 0.6504999999999838
404 0.665999999999982
405 0.6554999999999832
406 0.6559999999999832
407 0.6554999999999832
408 0.6639999999999823
409 0.6514999999999836
410 0.6634999999999823
411 0.6564999999999831
412 0.6499999999999838
413 0.6539999999999834
414 0.6579999999999829
415 0.6624999999999824
416 0.657499999999983
417 0.6634999999999823
418 0.6604999999999827
419 0.6669999999999819
420 0.6584999999999829
421 0.657499999999983
422 0.6609999999999826
423 0.6599999999999827
424 0.6549999999999833
425 0.657499999999983
426 0.6559999999999832
427 0.656999999999983
428 0.6709999999999815
429 0.6579999999999829
430 0.6609999999999826
431 0.6564999999999831
432 0.665999999999982
433 0.6749999999999811
434 0.6599999999999827
435 0.6684999999999818
436 0.6524999999999835
437 0.6694999999999817
438 0.6729999999999813
439 0.6639999999999823
440 0.6684999999999818
441 0.6674999999999819
442 0.6724999999999813
443 0.6709999999999815
444 0.6634999999999823
445 0.6649999999999822
446 0.6704999999999816
447 0.6634999999999823
448 0.6669999999999819
449 0.675999999999981
450 0.6584999999999829
451 0.6724999999999813
452 0.6689999999999817
453 0.665999999999982
454 0.666499999999982
455 0.6689999999999817
456 0.675499999999981
457 0.6714999999999814
458 0.6744999999999811
459 0.68449999999998
460 0.6694999999999817
461 0.6749999999999811
462 0.6784999999999807
463 0.6614999999999825
464 0.6694999999999817
465 0.6689999999999817
466 0.6794999999999806
467 0.6714999999999814
468 0.6719999999999814
469 0.6764999999999809
470 0.6749999999999811
471 0.6719999999999814
472 0.6784999999999807
473 0.6614999999999825
474 0.6744999999999811
475 0.6629999999999824
476 0.6679999999999818
477 0.6729999999999813
478 0.6744999999999811
479 0.6764999999999809
480 0.6749999999999811
481 0.6774999999999808
482 0.6724999999999813
483 0.6684999999999818
484 0.6699999999999816
485 0.6774999999999808
486 0.6824999999999802
487 0.6704999999999816
488 0.6824999999999802
489 0.6779999999999807
490 0.6709999999999815
491 0.6824999999999802
492 0.6794999999999806
493 0.6764999999999809
494 0.6829999999999802
495 0.6734999999999812
496 0.6899999999999794
497 0.68499999999998
498 0.675999999999981
499 0.6874999999999797
500 0.6764999999999809
501 0.6879999999999796
502 0.6779999999999807
503 0.6789999999999806
504 0.6834999999999801
505 0.6779999999999807
506 0.6799999999999805
507 0.6854999999999799
508 0.6974999999999786
509 0.6834999999999801
510 0.6804999999999805
511 0.6884999999999796
512 0.68449999999998
513 0.6859999999999798
514 0.6829999999999802
515 0.6869999999999797
516 0.6864999999999798
517 0.6874999999999797
518 0.693499999999979
519 0.6909999999999793
520 0.6899999999999794
521 0.6814999999999803
522 0.6904999999999794
523 0.6859999999999798
524 0.675499999999981
525 0.6874999999999797
526 0.6819999999999803
527 0.68499999999998
528 0.6894999999999795
529 0.6859999999999798
530 0.6864999999999798
531 0.6829999999999802
532 0.6914999999999792
533 0.6974999999999786
534 0.6839999999999801
535 0.6809999999999804
536 0.693499999999979
537 0.693499999999979
538 0.6834999999999801
539 0.6924999999999791
540 0.693999999999979
541 0.6879999999999796
542 0.6809999999999804
543 0.6869999999999797
544 0.6904999999999794
545 0.6884999999999796
546 0.6894999999999795
547 0.6944999999999789
548 0.6914999999999792
549 0.7009999999999782
550 0.6959999999999787
551 0.6889999999999795
552 0.6944999999999789
553 0.6919999999999792
554 0.6989999999999784
555 0.6809999999999804
556 0.693499999999979
557 0.7034999999999779
558 0.7019999999999781
559 0.6974999999999786
560 0.6839999999999801
561 0.68449999999998
562 0.6974999999999786
563 0.6974999999999786
564 0.6944999999999789
565 0.7039999999999779
566 0.6974999999999786
567 0.6884999999999796
568 0.702999999999978
569 0.6994999999999784
570 0.6949999999999789
571 0.6994999999999784
572 0.6989999999999784
573 0.6954999999999788
574 0.7074999999999775
575 0.6969999999999786
576 0.7074999999999775
577 0.7144999999999767
578 0.7009999999999782
579 0.702499999999978
580 0.6969999999999786
581 0.7069999999999775
582 0.7084999999999774
583 0.7069999999999775
584 0.7084999999999774
585 0.6884999999999796
586 0.7069999999999775
587 0.7034999999999779
588 0.6999999999999783
589 0.7089999999999773
590 0.6994999999999784
591 0.711499999999977
592 0.7099999999999772
593 0.7074999999999775
594 0.702499999999978
595 0.7089999999999773
596 0.7089999999999773
597 0.7109999999999771
598 0.7129999999999769
599 0.7189999999999762
600 0.7104999999999771
601 0.7124999999999769
602 0.7154999999999766
603 0.711499999999977
604 0.7164999999999765
605 0.7139999999999768
606 0.7059999999999776
607 0.711499999999977
608 0.711499999999977
609 0.7019999999999781
610 0.7064999999999776
611 0.7064999999999776
612 0.7019999999999781
613 0.7079999999999774
614 0.7079999999999774
615 0.7084999999999774
616 0.7069999999999775
617 0.702499999999978
618 0.7189999999999762
619 0.7179999999999763
620 0.7049999999999778
621 0.7004999999999783
622 0.7124999999999769
623 0.711499999999977
624 0.7089999999999773
625 0.7139999999999768
626 0.7074999999999775
627 0.7084999999999774
628 0.702999999999978
629 0.7069999999999775
630 0.7104999999999771
631 0.7089999999999773
632 0.720499999999976
633 0.7169999999999764
634 0.7134999999999768
635 0.7189999999999762
636 0.7044999999999778
637 0.7129999999999769
638 0.7099999999999772
639 0.7149999999999767
640 0.7094999999999773
641 0.7084999999999774
642 0.7099999999999772
643 0.7154999999999766
644 0.7214999999999759
645 0.7179999999999763
646 0.711999999999977
647 0.7149999999999767
648 0.7169999999999764
649 0.7089999999999773
650 0.7249999999999756
651 0.711499999999977
652 0.7169999999999764
653 0.702499999999978
654 0.7084999999999774
655 0.7079999999999774
656 0.7194999999999762
657 0.720499999999976
658 0.7139999999999768
659 0.702499999999978
660 0.7144999999999767
661 0.7109999999999771
662 0.7099999999999772
663 0.7049999999999778
664 0.7199999999999761
665 0.7104999999999771
666 0.7174999999999764
667 0.7164999999999765
668 0.7234999999999757
669 0.7139999999999768
670 0.7149999999999767
671 0.7184999999999763
672 0.7174999999999764
673 0.7159999999999765
674 0.7174999999999764
675 0.720999999999976
676 0.7244999999999756
677 0.702999999999978
678 0.7154999999999766
679 0.7184999999999763
680 0.7184999999999763
681 0.7169999999999764
682 0.7274999999999753
683 0.7219999999999759
684 0.7259999999999754
685 0.7089999999999773
686 0.7154999999999766
687 0.7244999999999756
688 0.7194999999999762
689 0.720999999999976
690 0.7239999999999757
691 0.7269999999999753
692 0.7089999999999773
693 0.7159999999999765
694 0.7284999999999752
695 0.7189999999999762
696 0.7189999999999762
697 0.7034999999999779
698 0.7159999999999765
699 0.720499999999976
700 0.7194999999999762
701 0.7279999999999752
702 0.7194999999999762
703 0.7124999999999769
704 0.711999999999977
705 0.7194999999999762
706 0.7169999999999764
707 0.711499999999977
708 0.711999999999977
709 0.720999999999976
710 0.7104999999999771
711 0.7214999999999759
712 0.7169999999999764
713 0.7259999999999754
714 0.7184999999999763
715 0.7294999999999751
716 0.711999999999977
717 0.7274999999999753
718 0.7234999999999757
719 0.7079999999999774
720 0.7219999999999759
721 0.720999999999976
722 0.7174999999999764
723 0.7224999999999758
724 0.7189999999999762
725 0.7154999999999766
726 0.7094999999999773
727 0.7259999999999754
728 0.7164999999999765
729 0.711499999999977
730 0.7224999999999758
731 0.7159999999999765
732 0.7239999999999757
733 0.7244999999999756
734 0.7174999999999764
735 0.7169999999999764
736 0.7244999999999756
737 0.7159999999999765
738 0.7139999999999768
739 0.7274999999999753
740 0.7134999999999768
741 0.7239999999999757
742 0.7149999999999767
743 0.7169999999999764
744 0.7084999999999774
745 0.7134999999999768
746 0.7134999999999768
747 0.720499999999976
748 0.7244999999999756
749 0.7294999999999751
750 0.7244999999999756
751 0.720499999999976
752 0.7239999999999757
753 0.7269999999999753
754 0.720999999999976
755 0.7214999999999759
756 0.711499999999977
757 0.7079999999999774
758 0.7269999999999753
759 0.7224999999999758
760 0.7144999999999767
761 0.7274999999999753
762 0.7234999999999757
763 0.711999999999977
764 0.7189999999999762
765 0.7184999999999763
766 0.7164999999999765
767 0.7159999999999765
768 0.720999999999976
769 0.711499999999977
770 0.7324999999999747
771 0.7224999999999758
772 0.7214999999999759
773 0.7294999999999751
774 0.7144999999999767
775 0.7154999999999766
776 0.7239999999999757
777 0.7159999999999765
778 0.729999999999975
779 0.720999999999976
780 0.7174999999999764
781 0.720499999999976
782 0.7174999999999764
783 0.7194999999999762
784 0.7289999999999751
785 0.7194999999999762
786 0.7239999999999757
787 0.7164999999999765
788 0.7179999999999763
789 0.7269999999999753
790 0.7179999999999763
791 0.7329999999999747
792 0.7279999999999752
793 0.7214999999999759
794 0.7214999999999759
795 0.7244999999999756
796 0.7284999999999752
797 0.7224999999999758
798 0.7309999999999749
799 0.7219999999999759
800 0.7254999999999755
801 0.7279999999999752
802 0.720499999999976
803 0.720999999999976
804 0.7259999999999754
805 0.7309999999999749
806 0.7324999999999747
807 0.7339999999999746
808 0.7149999999999767
809 0.7219999999999759
810 0.7324999999999747
811 0.7284999999999752
812 0.7294999999999751
813 0.7199999999999761
814 0.7219999999999759
815 0.7184999999999763
816 0.7264999999999754
817 0.7179999999999763
818 0.7159999999999765
819 0.7279999999999752
820 0.7294999999999751
821 0.7259999999999754
822 0.7244999999999756
823 0.7329999999999747
824 0.729999999999975
825 0.7244999999999756
826 0.7314999999999748
827 0.7264999999999754
828 0.7224999999999758
829 0.729999999999975
830 0.7314999999999748
831 0.7274999999999753
832 0.7124999999999769
833 0.7289999999999751
834 0.7199999999999761
835 0.7329999999999747
836 0.7309999999999749
837 0.7274999999999753
838 0.7094999999999773
839 0.7269999999999753
840 0.730499999999975
841 0.7194999999999762
842 0.7289999999999751
843 0.7224999999999758
844 0.711499999999977
845 0.7329999999999747
846 0.7249999999999756
847 0.7144999999999767
848 0.7254999999999755
849 0.7184999999999763
850 0.7259999999999754
851 0.7274999999999753
852 0.7279999999999752
853 0.7249999999999756
854 0.7339999999999746
855 0.7229999999999758
856 0.7189999999999762
857 0.7179999999999763
858 0.730499999999975
859 0.7349999999999745
860 0.7274999999999753
861 0.7234999999999757
862 0.7429999999999736
863 0.7144999999999767
864 0.7184999999999763
865 0.720999999999976
866 0.729999999999975
867 0.7219999999999759
868 0.7159999999999765
869 0.7314999999999748
870 0.720499999999976
871 0.7309999999999749
872 0.7314999999999748
873 0.730499999999975
874 0.7289999999999751
875 0.7254999999999755
876 0.730499999999975
877 0.739499999999974
878 0.7224999999999758
879 0.738999999999974
880 0.7369999999999742
881 0.7314999999999748
882 0.730499999999975
883 0.7309999999999749
884 0.7269999999999753
885 0.7289999999999751
886 0.7269999999999753
887 0.7309999999999749
888 0.7334999999999746
889 0.7339999999999746
890 0.7374999999999742
891 0.730499999999975
892 0.7344999999999745
893 0.7234999999999757
894 0.7184999999999763
895 0.729999999999975
896 0.7279999999999752
897 0.7294999999999751
898 0.7354999999999744
899 0.7264999999999754
900 0.7264999999999754
901 0.730499999999975
902 0.7319999999999748
903 0.7309999999999749
904 0.7474999999999731
905 0.7359999999999743
906 0.7279999999999752
907 0.7269999999999753
908 0.7329999999999747
909 0.7294999999999751
910 0.7309999999999749
911 0.7339999999999746
912 0.7429999999999736
913 0.7354999999999744
914 0.7404999999999738
915 0.7269999999999753
916 0.7329999999999747
917 0.7334999999999746
918 0.7239999999999757
919 0.7319999999999748
920 0.7264999999999754
921 0.7349999999999745
922 0.7429999999999736
923 0.7344999999999745
924 0.739499999999974
925 0.7404999999999738
926 0.7259999999999754
927 0.7274999999999753
928 0.7339999999999746
929 0.7384999999999741
930 0.7399999999999739
931 0.7429999999999736
932 0.7374999999999742
933 0.738999999999974
934 0.7359999999999743
935 0.7424999999999736
936 0.7214999999999759
937 0.7334999999999746
938 0.7444999999999734
939 0.7359999999999743
940 0.7499999999999728
941 0.7464999999999732
942 0.7364999999999743
943 0.7364999999999743
944 0.7324999999999747
945 0.7334999999999746
946 0.7289999999999751
947 0.730499999999975
948 0.7374999999999742
949 0.7419999999999737
950 0.7294999999999751
951 0.7519999999999726
952 0.7369999999999742
953 0.7404999999999738
954 0.729999999999975
955 0.7244999999999756
956 0.7264999999999754
957 0.7369999999999742
958 0.7414999999999737
959 0.7364999999999743
960 0.7494999999999729
961 0.7409999999999738
962 0.730499999999975
963 0.7434999999999735
964 0.7384999999999741
965 0.7524999999999725
966 0.7414999999999737
967 0.7339999999999746
968 0.7329999999999747
969 0.7369999999999742
970 0.7419999999999737
971 0.7424999999999736
972 0.7284999999999752
973 0.7434999999999735
974 0.7514999999999726
975 0.7439999999999735
976 0.7349999999999745
977 0.7469999999999731
978 0.7464999999999732
979 0.7414999999999737
980 0.7474999999999731
981 0.738999999999974
982 0.7439999999999735
983 0.7504999999999727
984 0.748499999999973
985 0.7454999999999733
986 0.748499999999973
987 0.729999999999975
988 0.7429999999999736
989 0.7349999999999745
990 0.7334999999999746
991 0.739499999999974
992 0.7454999999999733
993 0.7434999999999735
994 0.7419999999999737
995 0.748499999999973
996 0.7504999999999727
997 0.7459999999999732
998 0.7449999999999734
999 0.7284999999999752