0 0.029804071307076466
1 0.11034938326937963
2 0.17589861161792958
3 0.20725542448426226
4 0.2399352870143603
5 0.27257550198399927
6 0.2941619869509303
7 0.295244802540481
8 0.31043770389342146
9 0.3188299196859768
10 0.31504409537983286
11 0.33214803350655603
12 0.32486616670153357
13 0.3491425415846568
14 0.35194195014327945
15 0.3472836538664163
16 0.35306242688419964
17 0.35290820779693327
18 0.35246132810910985
19 0.3425053363070629
20 0.3602055988435546
21 0.3450434403377072
22 0.3673311426567376
23 0.34690784839531796
24 0.3761963689571026
25 0.3712931897716828
26 0.35883183288711507
27 0.34834773763077126
28 0.3612983879269235
29 0.3679450820320243
30 0.3653219476984925
31 0.36575894535882014
32 0.36086206209990535
33 0.3655346804519446
34 0.3824776954938993
35 0.37147539812594427
36 0.365742617254616
37 0.3633259680376608
38 0.38337546910304443
39 0.3590172423644005
40 0.3713471890454191
41 0.3558251682233484
42 0.3704692997939944
43 0.3807141711825993
44 0.3520164627344316
45 0.37219953101182346
46 0.3842726660373273
47 0.3721911729058539
48 0.3710230163773383
49 0.3829290277602945
50 0.3738377950961538
51 0.3818050197671229
52 0.3675150219026232
53 0.36149652846213703
54 0.3856075079272384
55 0.3645721841960669
56 0.3723088636454915
57 0.3831368593009912
58 0.3888824322042131
59 0.38731554592865075
60 0.3858362865265252
61 0.3831666124876408
62 0.3766959296230674
63 0.370441741425881
64 0.38428951581124926
65 0.3842555636276595
66 0.38325446473721
67 0.3626035051558851
68 0.37693029998876626
69 0.3739011411404552
70 0.3791964664189113
71 0.3742203409433822
72 0.37297876700934535
73 0.3712194637746944
74 0.3829385416057702
75 0.3739014427542486
76 0.38485322125232796
77 0.37979305113386325
78 0.36728226771545114
79 0.38141240916508506
80 0.3816254121048724
81 0.3744736099975975
82 0.3827424753641646
83 0.3711511263565457
84 0.38549884059333533
85 0.3803576843294065
86 0.3854214471463345
87 0.370256608500116
88 0.37798497940816894
89 0.3827000090537216
90 0.37914401432656025
91 0.39023056475288553
92 0.3684613914480925
93 0.38048633680656796
94 0.3830144256161214
95 0.3903532043003159
96 0.3722502128339141
97 0.3900347291702419
98 0.3903884138455318
99 0.3858792752281108
100 0.3991238971217913
101 0.3883934498413689
102 0.39488294489867865
103 0.38467459268142856
104 0.3846113311466167
105 0.3854929579335254
106 0.38234239362922207
107 0.3791035824002082
108 0.3815356951277301
109 0.3886650742725221
110 0.38299795388540936
111 0.37829577057444547
112 0.398422624632174
113 0.38792965768060444
114 0.3825450437075932
115 0.3817284392324247
116 0.3837872868445489
117 0.3754982301461402
118 0.39279803727545465
119 0.39333552293657004
120 0.37999293357772274
121 0.39826330615383365
122 0.37680447998949207
123 0.3991043888948671
124 0.38846459669743916
125 0.38774546025059325
126 0.38065564963334264
127 0.39667461595945436
128 0.39925137408488565
129 0.384410322259366
130 0.3743352134239496
131 0.38499852073672675
132 0.3842729807167081
133 0.39456711891101925
134 0.3742471096014686
135 0.38622376665967173
136 0.3826925380533207
137 0.38881073950328937
138 0.38575883723550086
139 0.3917329280719536
140 0.38565065966150824
141 0.37803386570948355
142 0.3856875225699578
143 0.39279506772347195
144 0.40276640311195605
145 0.3923190522350629
146 0.3924949201526291
147 0.38845118719218297
148 0.3968207566385833
149 0.3812570787525002
150 0.37146981370760435
151 0.39351951729938883
152 0.39468585441139276
153 0.3823740738317584
154 0.3915011435293864
155 0.3826089480603033
156 0.39390868234298826
157 0.3925205237575168
158 0.40474403795446173
159 0.3842540412765766
160 0.39262122900421803
161 0.4021520896588654
162 0.3852942017428729
163 0.3937972150856312
164 0.3980421289240029
165 0.38254945507249727
166 0.4060156014674184
167 0.39113569733910497
168 0.39420456896604333
169 0.39799474730368334
170 0.388676795758921
171 0.4004702810426457
172 0.3860130464413923
173 0.39272438950969574
174 0.3884710719724832
175 0.3927473574155113
176 0.3972648740921204
177 0.3963958754724082
178 0.39566589709234656
179 0.39527492303988954
180 0.3844726830621594
181 0.4125400068338175
182 0.37915684961763907
183 0.3889998859808185
184 0.3875970932226993
185 0.40445070932052807
186 0.4007656588265893
187 0.3900763007966389
188 0.39087669264910474
189 0.3889033748498432
190 0.3850145487447588
191 0.3914732706780978
192 0.390217852382695
193 0.4022796485059773
194 0.39163709757752707
195 0.39345772368130894
196 0.4011490453213441
197 0.3968061910694061
198 0.38856183668889144
199 0.40155675598627993
200 0.4020841188207851
201 0.4024259568295419
202 0.3893609999518906
203 0.3980017673032676
204 0.37716739834035506
205 0.39277633878915075
206 0.4012074071844021
207 0.3752324759393155
208 0.40671299131282335
209 0.38235038316810355
210 0.38743119733280473
211 0.39679607437622927
212 0.40478504376713903
213 0.4031752329512467
214 0.4016351194187074
215 0.3815211917805862
216 0.4165361754959188
217 0.40326726372001537
218 0.3854524221115147
219 0.3890869487916885
220 0.4185677824653006
221 0.3937267941418126
222 0.40074778189858357
223 0.3906012662445962
224 0.3999344207040588
225 0.404597866205935
226 0.39534534085803585
227 0.3937499891300521
228 0.3893810236007334
229 0.39077993390242616
230 0.39950291763373946
231 0.3980055168477115
232 0.405308545035615
233 0.3948788529119788
234 0.39545277663189404
235 0.39329674463324066
236 0.4122173317646106
237 0.394006855719578
238 0.3995059301336638
239 0.38635788274458616
240 0.39952701841654287
241 0.3911547715633827
242 0.3964777278882784
243 0.4019742143863751
244 0.4068538048117428
245 0.4000220785963976
246 0.3888558503198559
247 0.3982951348276766
248 0.39175736691896407
249 0.4009851497459584
250 0.4037587091540777
251 0.3925562226310979
252 0.4007432565002924
253 0.4135289367904363
254 0.39477026546766875
255 0.38879010078516574
256 0.3955644326968745
257 0.4087260020029993
258 0.4020462622865592
259 0.41085365600427753
260 0.3974027219926138
261 0.3905962302002163
262 0.4137621933724099
263 0.3929584036299744
264 0.40650066563093695
265 0.3985455282123842
266 0.3871100669934927
267 0.393807498956516
268 0.40988936708082385
269 0.3941528969056424
270 0.4126589472202284
271 0.39677317954070673
272 0.4002842367557233
273 0.4062385225348136
274 0.40051620483217976
275 0.40251758049361086
276 0.4038747470544671
277 0.4004661564265575
278 0.4072390414511245
279 0.40623198823150003
280 0.4045901642157774
281 0.4150979359080632
282 0.4061945134288942
283 0.40956665794207964
284 0.39741815867562047
285 0.4073330568059617
286 0.40645799512309505
287 0.4006869821055745
288 0.4183352802326506
289 0.4037512204578301
290 0.4149798246630739
291 0.41298924840100476
292 0.3978234442383737
293 0.41133651372081753
294 0.41138880543123973
295 0.41751993544174454
296 0.40560819472803755
297 0.40262397235159625
298 0.4021449931983739
299 0.40541158988002063
300 0.4003695620984929
301 0.4023155158256099
302 0.3965232386403821
303 0.3923221882696498
304 0.3918766347296504
305 0.4140888759351917
306 0.4163127416346225
307 0.3944425875519704
308 0.40323741946793334
309 0.41240806947688247
310 0.41602240268781693
311 0.40589334963858525
312 0.41079532401584146
313 0.41747969230359555
314 0.4017540650724444
315 0.42177911455071554
316 0.40886293381904665
317 0.4074001676662466
318 0.4016951015493383
319 0.40638045157111535
320 0.41315309078462115
321 0.41132207507587076
322 0.4003941221269989
323 0.4049345556974302
324 0.40446810913789144
325 0.42510643278722876
326 0.4009153894756896
327 0.39813539238993245
328 0.3952809926353996
329 0.395657359633456
330 0.40261896615140846
331 0.4001274699137914
332 0.39136349892993405
333 0.41566132265947037
334 0.4184613766748192
335 0.40305408061999465
336 0.41853060312945034
337 0.4049296793822555
338 0.41014019741209057
339 0.40371666831409575
340 0.41426381145409785
341 0.4197863104034767
342 0.3984728314616071
343 0.402235243669687
344 0.4144710911486563
345 0.41463046901458744
346 0.4019496988026286
347 0.4042877321441631
348 0.41912947029829467
349 0.40514503316083783
350 0.4169980063608036
351 0.4011130170952853
352 0.408212121819155
353 0.41946375477519504
354 0.40285686660597286
355 0.40113311107388605
356 0.4045777971878931
357 0.40893136336267744
358 0.42359756171101604
359 0.40217808809619643
360 0.39979980952153366
361 0.41646198371708465
362 0.407022745279384
363 0.4092347907570396
364 0.41346268310705747
365 0.421719884762154
366 0.4069529178069741
367 0.3916120207776598
368 0.4094679304855507
369 0.4053453721889976
370 0.40583254786309614
371 0.4121795331007367
372 0.4160702950293865
373 0.4093761732245864
374 0.41451592360848394
375 0.4227912964860263
376 0.401653346679096
377 0.4191417082174857
378 0.40888675152118303
379 0.40719365688641324
380 0.4064696685478044
381 0.4094501715653445
382 0.3989551510494741
383 0.4075804724265896
384 0.3992490774684726
385 0.40510793688585495
386 0.4159984355626207
387 0.3979895753832631
388 0.3978883175785482
389 0.4111066089754133
390 0.39812558289202865
391 0.4042754076336671
392 0.4152635607601636
393 0.4007976067164953
394 0.41445829336791923
395 0.4198079477683349
396 0.3970309100671278
397 0.4276448161212883
398 0.4135375652803183
399 0.424402556622247
400 0.39716831732100444
401 0.4297238592598646
402 0.41863275256527926
403 0.4090216882240982
404 0.41345660333493983
405 0.4152942530152585
406 0.4167884737233045
407 0.40016387594274977
408 0.40735115600234434
409 0.4199483129070928
410 0.413737980254779
411 0.4199814316193129
412 0.4193332111771816
413 0.42357976638384304
414 0.43638523598513473
415 0.4092085091369009
416 0.4071676850284156
417 0.4207860271488724
418 0.4116719491067503
419 0.4177102453073251
420 0.4171067189914886
421 0.4322589065505106
422 0.40407003183350143
423 0.4078146859266921
424 0.41969097311996134
425 0.4044475772843184
426 0.4070883495031848
427 0.4158169043128423
428 0.42317815800127356
429 0.409134259262376
430 0.42294161582728795
431 0.4118715478908095
432 0.41390457533037417
433 0.41408930311744724
434 0.42174403405880084
435 0.41135847696747757
436 0.4098478368313011
437 0.4108649171152046
438 0.4228924314933912
439 0.4169571037504862
440 0.40509741681313244
441 0.41063341703948464
442 0.4117471607023833
443 0.4193034356287538
444 0.412349867481464
445 0.4199431931304009
446 0.4120543070087131
447 0.38998825476324994
448 0.41429762373507306
449 0.4091174193045793
450 0.4144490040059075
451 0.4100191972801333
452 0.41950433795415865
453 0.4108405171014983
454 0.41803182758147095
455 0.42530089899536505
456 0.41591183221988665
457 0.4075029042574814
458 0.4333990410017073
459 0.40937532130530585
460 0.41868410886373275
461 0.4215738959764702
462 0.40803995014078964
463 0.41504573225208896
464 0.41891868084229045
465 0.4015740958526744
466 0.4268920401799704
467 0.4235818567976129
468 0.4061737046995179
469 0.4101530134053059
470 0.4168010647740532
471 0.42026823738528674
472 0.4054419543653884
473 0.42719312342468035
474 0.42057753372623324
475 0.4166762127922057
476 0.42381677543325563
477 0.41269119489909145
478 0.4106792380980729
479 0.41452475054781013
480 0.41192124727056245
481 0.4222806498648841
482 0.4089912672721666
483 0.4091821652699353
484 0.4133914838824574
485 0.4184225531053765
486 0.4465937621060531
487 0.4155081660278532
488 0.4135877385659816
489 0.4157865698972509
490 0.41695008023604746
491 0.4138731819884344
492 0.4252670996000768
493 0.42606512275501934
494 0.4242699071282131
495 0.42129078873630377
496 0.42976743459889194
497 0.4064682908038731
498 0.42047545079552906
499 0.4241224976282553
500 0.4296397005161455
501 0.4310919421382898
502 0.416237333029494
503 0.4093724155298988
504 0.42104455758183645
505 0.4308259620425417
506 0.42727503684363183
507 0.42420825693009173
508 0.41093050241103907
509 0.42387867287626374
510 0.4188533456212179
511 0.41204892827784917
512 0.42893118936526387
513 0.4234804127042106
514 0.42304000631115113
515 0.4208261842326025
516 0.4204443475145793
517 0.4156318007345958
518 0.41268744806700225
519 0.42009831344499976
520 0.430777661725768
521 0.4210082756057244
522 0.4292689192136738
523 0.43009019693208506
524 0.42119762845280334
525 0.4411160478332252
526 0.4175948963955802
527 0.4265078109728211
528 0.4164823895548024
529 0.41707230719914806
530 0.42884187896983245
531 0.4196262266999819
532 0.41964354659407044
533 0.4140820945109399
534 0.43084272642319094
535 0.42242739143860014
536 0.4222425141492356
537 0.41817815334191794
538 0.42469018390478896
539 0.41632941983786986
540 0.42953506122551116
541 0.4373060971787387
542 0.4141969836798581
543 0.42007021377696063
544 0.4237969322205896
545 0.4243577238437601
546 0.4226536693450603
547 0.42910539765436506
548 0.4201847128025924
549 0.42401515604746787
550 0.42878809322641853
551 0.44819934853355664
552 0.402252578582263
553 0.4279871910289672
554 0.41326456224319963
555 0.4195438176914398
556 0.4189423384999599
557 0.4224023764971992
558 0.42148236448447673
559 0.42477479109252425
560 0.4170818025478823
561 0.425030078469829
562 0.42186544479125654
563 0.42567818174921795
564 0.42936157680610504
565 0.43058468676820116
566 0.4258733176700591
567 0.4285853391915978
568 0.4160129953686197
569 0.4331048071106074
570 0.42767467755330824
571 0.4374520521915286
572 0.42323498151074884
573 0.4337940133993029
574 0.43602739116531597
575 0.42581542055232496
576 0.42404644472467307
577 0.4102004646930958
578 0.4111460709815964
579 0.4173558210380304
580 0.4230694707379481
581 0.4185021561618343
582 0.4229682658473397
583 0.4259767679094977
584 0.43418333557912625
585 0.4397191424287796
586 0.42862054229386753
587 0.41735948122208005
588 0.4295710922810796
589 0.43677170961858036
590 0.42815749330971686
591 0.42670100894514784
592 0.4094442461777841
593 0.4270155941648336
594 0.4180176689717498
595 0.42510773753410597
596 0.43793287513501306
597 0.4349041506149824
598 0.4244285706227428
599 0.42398436392689837
600 0.43928069172109974
601 0.4355578494493371
602 0.42617124639729187
603 0.4361573537327777
604 0.4249067242247501
605 0.4264692346501832
606 0.4240961774577839
607 0.41944302805749184
608 0.42056093358598945
609 0.42760127185411845
610 0.43761344418125053
611 0.421731471171934
612 0.43430165354256045
613 0.42663326108653604
614 0.4387130906322096
615 0.42616481524049493
616 0.41620893832864997
617 0.42013701972295725
618 0.4308648708906463
619 0.4241135988757632
620 0.4309362819458034
621 0.41642848312702546
622 0.417071191321378
623 0.4080481199900993
624 0.43506150456298487
625 0.4407834678164371
626 0.4213072510924724
627 0.4226786194541808
628 0.41308566792517404
629 0.4308165986056609
630 0.43099520591537877
631 0.43223524752929143
632 0.42822805817439275
633 0.42090262784825455
634 0.4125624411043735
635 0.42318912837331657
636 0.4325293119492391
637 0.43450102154111453
638 0.42727093349649425
639 0.4351008722034937
640 0.4284727898101183
641 0.41610625057535244
642 0.42926999698857327
643 0.4484650756033721
644 0.42610989924973414
645 0.43517756375182753
646 0.418948788616696
647 0.43225923857852444
648 0.41413270757708814
649 0.44130415873521045
650 0.4226085854729375
651 0.4344961824630324
652 0.43803181271720104
653 0.41730275074001427
654 0.4288422605112976
655 0.43481734971664093
656 0.4321029635557608
657 0.4361000557012478
658 0.42467143102539384
659 0.42462542281041776
660 0.42950700628058935
661 0.4273831245583874
662 0.42712268144818144
663 0.42096056656587094
664 0.42382290982176507
665 0.4164557062034954
666 0.4304217362690983
667 0.4192666603333846
668 0.42678605821645527
669 0.42921142206243607
670 0.41820289617586337
671 0.42431261062392706
672 0.43593087942230013
673 0.4381944805840005
674 0.4282524411143005
675 0.43022654013297834
676 0.42977707626145406
677 0.4199270285730241
678 0.42482226964201936
679 0.4321636230920382
680 0.4239932915660787
681 0.42658962633220837
682 0.42292551722128285
683 0.43753011071478864
684 0.4318878695410358
685 0.43874086137201057
686 0.4235175341394311
687 0.4405636013077803
688 0.42507274316421817
689 0.4348027325926432
690 0.43499266577084894
691 0.4379836258648662
692 0.44482434956334965
693 0.43645286554357066
694 0.4305230969246734
695 0.4245529648088445
696 0.43642461603383503
697 0.42336710131455996
698 0.43283317094370444
699 0.44115129914493534
700 0.4226387724667591
701 0.4385532732899131
702 0.416328332877705
703 0.43762927894844994
704 0.43768712538981086
705 0.42737037376839204
706 0.4252647525835991
707 0.4385512162126397
708 0.42553372386226224
709 0.4382947490475263
710 0.42422486292374567
711 0.428394113784314
712 0.44281809397969557
713 0.40141635468386955
714 0.42974803874849843
715 0.4323773146412861
716 0.43903144502486713
717 0.4297899130188314
718 0.44673483529499214
719 0.4413110709545035
720 0.4407377047439096
721 0.43650707427403496
722 0.43766107007082855
723 0.42950812642484404
724 0.4283489658872312
725 0.4327217964275972
726 0.4340932406953299
727 0.4233226147439133
728 0.4379889752597809
729 0.4406377249447421
730 0.4326334430135439
731 0.4314998715112722
732 0.43777902060952
733 0.4332295044544609
734 0.44803885627163037
735 0.4364666692752077
736 0.4370580116452778
737 0.4404606911447248
738 0.4243923426515065
739 0.43305575551344827
740 0.43233227538460145
741 0.4238157639763326
742 0.4335754379566073
743 0.4240933740040557
744 0.4341655340630195
745 0.4053213017439546
746 0.4394750237674923
747 0.4385042143133006
748 0.4277119340399846
749 0.4220223520168978
750 0.422118912097349
751 0.41734862000045103
752 0.4418725173274838
753 0.43824070187971953
754 0.42697997392801157
755 0.4416748900407874
756 0.4377486524060099
757 0.43537253835069506
758 0.4415612492547758
759 0.4133725856376993
760 0.4288390420643029
761 0.42136337384424694
762 0.4270656078104765
763 0.4445198304234772
764 0.4267641634051875
765 0.4487664134438597
766 0.4308325151188737
767 0.4354035431526177
768 0.4301431552599156
769 0.44639160460214267
770 0.43573283983377703
771 0.4365395285679301
772 0.44304232490550466
773 0.43670612281301346
774 0.42027667500708055
775 0.43290846744688205
776 0.4452078125972028
777 0.4359393525288604
778 0.43549423790072045
779 0.4349282461177356
780 0.42582777014304685
781 0.419914216186936
782 0.4196128893795463
783 0.4350494327553068
784 0.4086124858361852
785 0.4260030183349106
786 0.43209570096659916
787 0.43282743440484023
788 0.4415878739309997
789 0.446097569995808
790 0.43895978489912263
791 0.43383001318583453
792 0.4433361118907669
793 0.4338407967524921
794 0.4223694033354623
795 0.43431497516996487
796 0.4432045884699803
797 0.42332955786832505
798 0.42756466638548835
799 0.44063744215033074
800 0.4293729826322527
801 0.43049269720315403
802 0.4554341394380526
803 0.4288219342106928
804 0.4405658742545107
805 0.4225798093369792
806 0.4382966805319689
807 0.4299151948662725
808 0.43399407800288736
809 0.4110769670785053
810 0.43451830496954175
811 0.4415233478317743
812 0.4249362734375029
813 0.4279225475261402
814 0.4413467404639412
815 0.42967897284332746
816 0.42936087384690375
817 0.4422527512737206
818 0.43274450544609505
819 0.4390722342665136
820 0.4325818038467127
821 0.4391346204800196
822 0.4465335072673045
823 0.44215509417485344
824 0.43347202720095857
825 0.4365030245753665
826 0.4380797539908888
827 0.46151947976943714
828 0.44066640375484467
829 0.44208792965411303
830 0.44466401642029063
831 0.43546200157886034
832 0.43710355476933166
833 0.4264025327623841
834 0.42183611859520714
835 0.4408272180177206
836 0.45024331968111253
837 0.4451870539306081
838 0.4258260773120257
839 0.4296732945165975
840 0.43874616007499595
841 0.4394537437369769
842 0.4396030588771278
843 0.430886369914831
844 0.4351363684992914
845 0.4459842080706976
846 0.4327683178263227
847 0.42192259566255547
848 0.43171688247789364
849 0.44772065565531427
850 0.4299309071797328
851 0.4436549220489011
852 0.42807919308360526
853 0.44648071292511926
854 0.44911721089029955
855 0.44393761563434664
856 0.43547124204405335
857 0.44688520646954244
858 0.43980897246058615
859 0.4338433077103091
860 0.4389726103734582
861 0.43026358463036185
862 0.445826201679077
863 0.43764822099973966
864 0.4455704158323485
865 0.4462601817876847
866 0.4355593579913749
867 0.4439662419657125
868 0.4450021351247697
869 0.4373266648272104
870 0.44017632566540194
871 0.4344256837452823
872 0.434694606683814
873 0.4454201631157156
874 0.4448898495364133
875 0.4555886823081172
876 0.43876713243457105
877 0.4411842589370719
878 0.43451518718058163
879 0.4563341305589604
880 0.4463827892094786
881 0.44828531272328437
882 0.4346327134899979
883 0.4328956520221912
884 0.44771188988765837
885 0.4296860600886439
886 0.4455536323775351
887 0.4294375485900155
888 0.4394603649606605
889 0.4585698343546749
890 0.44533748442472787
891 0.44009597435981984
892 0.4436072742216361
893 0.4320513649629173
894 0.4333162066379168
895 0.4471281208720033
896 0.4351323395800497
897 0.44379306831172827
898 0.43585389775814454
899 0.440539974578736
900 0.4477239474285343
901 0.4409284244374328
902 0.4226006250919629
903 0.43250654116234283
904 0.446090171591756
905 0.4365936384449378
906 0.45126810005934515
907 0.44763054051251816
908 0.43998747680112005
909 0.4335794816087122
910 0.44662519023793745
911 0.439344541989908
912 0.4413686380723885
913 0.439502744976128
914 0.445561396483396
915 0.42981593285968983
916 0.4523610735486472
917 0.43910620349510165
918 0.4352040466190278
919 0.4394463196456769
920 0.4403946345627254
921 0.4538404926463145
922 0.44723142715650727
923 0.4447354002771844
924 0.4338981529920251
925 0.4530248275421161
926 0.4455967127213822
927 0.44148744962821246
928 0.4240240187581167
929 0.4526891254205002
930 0.44194736868999046
931 0.42804864989551344
932 0.44671965140734204
933 0.45037221972811264
934 0.4265801008888073
935 0.4473592229529781
936 0.44104408836588116
937 0.4415603262217951
938 0.45834164817176315
939 0.43147690948045464
940 0.4402448987139356
941 0.4515905253949552
942 0.44020693856243964
943 0.4344239587279799
944 0.45129901033514863
945 0.45214291280169006
946 0.42334097546329585
947 0.4289917417454358
948 0.44340010385931466
949 0.4318887762000879
950 0.43686681668621336
951 0.4427258457635695
952 0.43357589653863876
953 0.43296656974039277
954 0.44561899200266586
955 0.4326863913165625
956 0.4365920083633241
957 0.4407669700218969
958 0.4443754181021551
959 0.4410315175734129
960 0.4500851316773617
961 0.44170799416818013
962 0.44394507034745934
963 0.44621654515288317
964 0.45148791985180015
965 0.4323099274877188
966 0.44090613646268106
967 0.43708212956707326
968 0.44944586947160875
969 0.45468340523317685
970 0.4339434443933684
971 0.45890084548969945
972 0.4379810476684281
973 0.4455500324169755
974 0.4391508378586501
975 0.4411642368120617
976 0.44515883328512995
977 0.4284368093509124
978 0.4381415631523453
979 0.43792294310816904
980 0.4272402037145982
981 0.42982162873611945
982 0.4288647529523762
983 0.4392596864564549
984 0.4334103908643719
985 0.4324293534739213
986 0.444365047738951
987 0.4352930579118132
988 0.4409983809746302
989 0.44619312597569566
990 0.44709384566059074
991 0.4565981571429227
992 0.4365933426397518
993 0.4387543039665973
994 0.44994230524132345
995 0.43519675942588887
996 0.4496497478235661
997 0.4473865868647548
998 0.43625945920091824
999 0.44603945655163