
0 0.09500000000000007
1 0.1355000000000001
2 0.17250000000000013
3 0.20100000000000015
4 0.22600000000000017
5 0.23900000000000018
6 0.25150000000000017
7 0.2625000000000002
8 0.2705000000000002
9 0.2750000000000002
10 0.2830000000000002
11 0.2875000000000002
12 0.2875000000000002
13 0.2945000000000002
14 0.3000000000000002
15 0.3035000000000002
16 0.3045000000000002
17 0.3095000000000002
18 0.3145000000000002
19 0.3155000000000002
20 0.3150000000000002
21 0.3160000000000002
22 0.3165000000000002
23 0.3185000000000002
24 0.31950000000000023
25 0.32250000000000023
26 0.32450000000000023
27 0.32550000000000023
28 0.32550000000000023
29 0.32600000000000023
30 0.32650000000000023
31 0.32600000000000023
32 0.32800000000000024
33 0.32900000000000024
34 0.32900000000000024
35 0.33150000000000024
36 0.33050000000000024
37 0.33200000000000024
38 0.33100000000000024
39 0.33450000000000024
40 0.33500000000000024
41 0.33100000000000024
42 0.33500000000000024
43 0.33150000000000024
44 0.33450000000000024
45 0.33300000000000024
46 0.33500000000000024
47 0.33250000000000024
48 0.33300000000000024
49 0.33300000000000024
50 0.33550000000000024
51 0.33600000000000024
52 0.33700000000000024
53 0.33500000000000024
54 0.33700000000000024
55 0.33750000000000024
56 0.33900000000000025
57 0.33900000000000025
58 0.33800000000000024
59 0.33750000000000024
60 0.34000000000000025
61 0.34150000000000025
62 0.34000000000000025
63 0.34050000000000025
64 0.34300000000000025
65 0.34250000000000025
66 0.34250000000000025
67 0.34100000000000025
68 0.34200000000000025
69 0.34050000000000025
70 0.34450000000000025
71 0.34600000000000025
72 0.34250000000000025
73 0.34400000000000025
74 0.34250000000000025
75 0.34700000000000025
76 0.34400000000000025
77 0.34550000000000025
78 0.34700000000000025
79 0.34850000000000025
80 0.34700000000000025
81 0.34600000000000025
82 0.34850000000000025
83 0.34950000000000025
84 0.34900000000000025
85 0.34350000000000025
86 0.34600000000000025
87 0.34800000000000025
88 0.35000000000000026
89 0.35050000000000026
90 0.35000000000000026
91 0.35450000000000026
92 0.35650000000000026
93 0.35700000000000026
94 0.35550000000000026
95 0.35450000000000026
96 0.35500000000000026
97 0.35200000000000026
98 0.35600000000000026
99 0.35500000000000026
100 0.35550000000000026
101 0.35750000000000026
102 0.35500000000000026
103 0.35700000000000026
104 0.35900000000000026
105 0.35600000000000026
106 0.35600000000000026
107 0.35550000000000026
108 0.35750000000000026
109 0.35850000000000026
110 0.35600000000000026
111 0.35800000000000026
112 0.35650000000000026
113 0.35650000000000026
114 0.35800000000000026
115 0.35700000000000026
116 0.35750000000000026
117 0.35600000000000026
118 0.35950000000000026
119 0.35900000000000026
120 0.35950000000000026
121 0.35750000000000026
122 0.35650000000000026
123 0.35950000000000026
124 0.35550000000000026
125 0.35850000000000026
126 0.36250000000000027
127 0.35700000000000026
128 0.35950000000000026
129 0.36150000000000027
130 0.36000000000000026
131 0.36050000000000026
132 0.35850000000000026
133 0.35950000000000026
134 0.36000000000000026
135 0.36050000000000026
136 0.36000000000000026
137 0.36200000000000027
138 0.35950000000000026
139 0.36200000000000027
140 0.36200000000000027
141 0.36200000000000027
142 0.35850000000000026
143 0.36500000000000027
144 0.36700000000000027
145 0.36350000000000027
146 0.36600000000000027
147 0.36500000000000027
148 0.36250000000000027
149 0.36450000000000027
150 0.36200000000000027
151 0.36650000000000027
152 0.36550000000000027
153 0.36450000000000027
154 0.36800000000000027
155 0.36500000000000027
156 0.36700000000000027
157 0.36700000000000027
158 0.3700000000000003
159 0.36900000000000027
160 0.3695000000000003
161 0.3705000000000003
162 0.36800000000000027
163 0.36900000000000027
164 0.3705000000000003
165 0.36900000000000027
166 0.3700000000000003
167 0.3725000000000003
168 0.3715000000000003
169 0.3715000000000003
170 0.3730000000000003
171 0.3720000000000003
172 0.3715000000000003
173 0.3710000000000003
174 0.3745000000000003
175 0.3740000000000003
176 0.3745000000000003
177 0.3760000000000003
178 0.3775000000000003
179 0.3745000000000003
180 0.3760000000000003
181 0.3730000000000003
182 0.3735000000000003
183 0.3745000000000003
184 0.3735000000000003
185 0.3780000000000003
186 0.3770000000000003
187 0.3770000000000003
188 0.3790000000000003
189 0.3760000000000003
190 0.3790000000000003
191 0.3795000000000003
192 0.3770000000000003
193 0.3790000000000003
194 0.3790000000000003
195 0.3800000000000003
196 0.3795000000000003
197 0.3820000000000003
198 0.3810000000000003
199 0.3790000000000003
200 0.3815000000000003
201 0.3795000000000003
202 0.3805000000000003
203 0.3805000000000003
204 0.3820000000000003
205 0.3800000000000003
206 0.3805000000000003
207 0.3810000000000003
208 0.3830000000000003
209 0.3815000000000003
210 0.3820000000000003
211 0.3820000000000003
212 0.3845000000000003
213 0.3840000000000003
214 0.3850000000000003
215 0.3830000000000003
216 0.3830000000000003
217 0.3845000000000003
218 0.3850000000000003
219 0.3830000000000003
220 0.3835000000000003
221 0.3865000000000003
222 0.3840000000000003
223 0.3865000000000003
224 0.3860000000000003
225 0.3870000000000003
226 0.3850000000000003
227 0.3900000000000003
228 0.3890000000000003
229 0.3895000000000003
230 0.3845000000000003
231 0.3840000000000003
232 0.3875000000000003
233 0.3840000000000003
234 0.3855000000000003
235 0.3855000000000003
236 0.3850000000000003
237 0.3850000000000003
238 0.3855000000000003
239 0.3870000000000003
240 0.3885000000000003
241 0.3860000000000003
242 0.3880000000000003
243 0.3895000000000003
244 0.3890000000000003
245 0.3890000000000003
246 0.3890000000000003
247 0.3880000000000003
248 0.3920000000000003
249 0.3890000000000003
250 0.3870000000000003
251 0.3905000000000003
252 0.3890000000000003
253 0.3910000000000003
254 0.3885000000000003
255 0.3895000000000003
256 0.3905000000000003
257 0.3930000000000003
258 0.3890000000000003
259 0.3880000000000003
260 0.3885000000000003
261 0.3915000000000003
262 0.3920000000000003
263 0.3910000000000003
264 0.3920000000000003
265 0.3955000000000003
266 0.3930000000000003
267 0.3930000000000003
268 0.3945000000000003
269 0.3950000000000003
270 0.3955000000000003
271 0.3970000000000003
272 0.3965000000000003
273 0.3945000000000003
274 0.3980000000000003
275 0.3940000000000003
276 0.3950000000000003
277 0.3970000000000003
278 0.3950000000000003
279 0.3985000000000003
280 0.4000000000000003
281 0.3970000000000003
282 0.3975000000000003
283 0.3990000000000003
284 0.3965000000000003
285 0.4000000000000003
286 0.3990000000000003
287 0.3985000000000003
288 0.4000000000000003
289 0.4010000000000003
290 0.4010000000000003
291 0.4015000000000003
292 0.3970000000000003
293 0.3995000000000003
294 0.4020000000000003
295 0.3990000000000003
296 0.3970000000000003
297 0.4000000000000003
298 0.3995000000000003
299 0.3990000000000003
300 0.3980000000000003
301 0.3990000000000003
302 0.4015000000000003
303 0.4015000000000003
304 0.4035000000000003
305 0.4025000000000003
306 0.4035000000000003
307 0.4020000000000003
308 0.4010000000000003
309 0.4010000000000003
310 0.4015000000000003
311 0.4015000000000003
312 0.4040000000000003
313 0.4025000000000003
314 0.4030000000000003
315 0.4035000000000003
316 0.4030000000000003
317 0.4030000000000003
318 0.4020000000000003
319 0.4065000000000003
320 0.4045000000000003
321 0.4040000000000003
322 0.4030000000000003
323 0.4035000000000003
324 0.4015000000000003
325 0.4055000000000003
326 0.4030000000000003
327 0.4060000000000003
328 0.4075000000000003
329 0.4045000000000003
330 0.4030000000000003
331 0.4025000000000003
332 0.4055000000000003
333 0.4035000000000003
334 0.4070000000000003
335 0.4065000000000003
336 0.4060000000000003
337 0.4080000000000003
338 0.4055000000000003
339 0.4060000000000003
340 0.4065000000000003
341 0.4065000000000003
342 0.4070000000000003
343 0.4095000000000003
344 0.4075000000000003
345 0.4075000000000003
346 0.4085000000000003
347 0.4095000000000003
348 0.4105000000000003
349 0.4080000000000003
350 0.4085000000000003
351 0.4085000000000003
352 0.4070000000000003
353 0.4060000000000003
354 0.4080000000000003
355 0.4075000000000003
356 0.4075000000000003
357 0.4080000000000003
358 0.4115000000000003
359 0.4100000000000003
360 0.4080000000000003
361 0.4090000000000003
362 0.4125000000000003
363 0.4100000000000003
364 0.4110000000000003
365 0.4095000000000003
366 0.4100000000000003
367 0.4105000000000003
368 0.4110000000000003
369 0.4105000000000003
370 0.4105000000000003
371 0.4120000000000003
372 0.4095000000000003
373 0.4115000000000003
374 0.4105000000000003
375 0.4105000000000003
376 0.4110000000000003
377 0.4100000000000003
378 0.4120000000000003
379 0.4120000000000003
380 0.4130000000000003
381 0.4115000000000003
382 0.4120000000000003
383 0.4155000000000003
384 0.4145000000000003
385 0.4175000000000003
386 0.4170000000000003
387 0.4160000000000003
388 0.4170000000000003
389 0.4140000000000003
390 0.4155000000000003
391 0.4150000000000003
392 0.4165000000000003
393 0.4165000000000003
394 0.4185000000000003
395 0.4185000000000003
396 0.4150000000000003
397 0.4180000000000003
398 0.4165000000000003
399 0.4190000000000003
400 0.4180000000000003
401 0.4220000000000003
402 0.4240000000000003
403 0.4215000000000003
404 0.4235000000000003
405 0.4245000000000003
406 0.4220000000000003
407 0.4235000000000003
408 0.4215000000000003
409 0.4245000000000003
410 0.4240000000000003
411 0.4240000000000003
412 0.4225000000000003
413 0.4240000000000003
414 0.4225000000000003
415 0.4230000000000003
416 0.4240000000000003
417 0.4255000000000003
418 0.4265000000000003
419 0.4280000000000003
420 0.4270000000000003
421 0.4295000000000003
422 0.4280000000000003
423 0.4265000000000003
424 0.4270000000000003
425 0.4275000000000003
426 0.4255000000000003
427 0.4275000000000003
428 0.4305000000000003
429 0.4280000000000003
430 0.4280000000000003
431 0.4300000000000003
432 0.4290000000000003
433 0.4300000000000003
434 0.4290000000000003
435 0.4305000000000003
436 0.4280000000000003
437 0.4310000000000003
438 0.4295000000000003
439 0.4300000000000003
440 0.4285000000000003
441 0.4295000000000003
442 0.43200000000000033
443 0.4290000000000003
444 0.4285000000000003
445 0.4310000000000003
446 0.4310000000000003
447 0.4280000000000003
448 0.4315000000000003
449 0.4305000000000003
450 0.43200000000000033
451 0.4315000000000003
452 0.43200000000000033
453 0.4300000000000003
454 0.4290000000000003
455 0.4315000000000003
456 0.43250000000000033
457 0.4300000000000003
458 0.43400000000000033
459 0.43350000000000033
460 0.4315000000000003
461 0.43350000000000033
462 0.43400000000000033
463 0.43350000000000033
464 0.4315000000000003
465 0.4300000000000003
466 0.4310000000000003
467 0.43350000000000033
468 0.43200000000000033
469 0.43500000000000033
470 0.43400000000000033
471 0.43450000000000033
472 0.43650000000000033
473 0.43300000000000033
474 0.43550000000000033
475 0.43400000000000033
476 0.43600000000000033
477 0.43700000000000033
478 0.43600000000000033
479 0.43650000000000033
480 0.43750000000000033
481 0.43600000000000033
482 0.43550000000000033
483 0.43600000000000033
484 0.43550000000000033
485 0.43650000000000033
486 0.43800000000000033
487 0.43650000000000033
488 0.43600000000000033
489 0.43700000000000033
490 0.43500000000000033
491 0.44150000000000034
492 0.43700000000000033
493 0.43550000000000033
494 0.43750000000000033
495 0.43700000000000033
496 0.43750000000000033
497 0.43950000000000033
498 0.43550000000000033
499 0.43900000000000033
500 0.43950000000000033
501 0.44200000000000034
502 0.44250000000000034
503 0.44250000000000034
504 0.43950000000000033
505 0.44250000000000034
506 0.44400000000000034
507 0.44100000000000034
508 0.44400000000000034
509 0.44250000000000034
510 0.44050000000000034
511 0.44000000000000034
512 0.44500000000000034
513 0.44250000000000034
514 0.44450000000000034
515 0.44300000000000034
516 0.44400000000000034
517 0.44300000000000034
518 0.44300000000000034
519 0.44250000000000034
520 0.44650000000000034
521 0.44250000000000034
522 0.44550000000000034
523 0.44750000000000034
524 0.44700000000000034
525 0.44550000000000034
526 0.44200000000000034
527 0.44400000000000034
528 0.44700000000000034
529 0.44650000000000034
530 0.44600000000000034
531 0.44800000000000034
532 0.44650000000000034
533 0.44550000000000034
534 0.44650000000000034
535 0.44900000000000034
536 0.44750000000000034
537 0.44950000000000034
538 0.44900000000000034
539 0.44900000000000034
540 0.45250000000000035
541 0.44850000000000034
542 0.44850000000000034
543 0.45100000000000035
544 0.45350000000000035
545 0.44950000000000034
546 0.45200000000000035
547 0.45350000000000035
548 0.45100000000000035
549 0.45050000000000034
550 0.45050000000000034
551 0.45150000000000035
552 0.45000000000000034
553 0.45250000000000035
554 0.45400000000000035
555 0.45250000000000035
556 0.45250000000000035
557 0.45250000000000035
558 0.45200000000000035
559 0.45400000000000035
560 0.45200000000000035
561 0.45050000000000034
562 0.45150000000000035
563 0.45250000000000035
564 0.45450000000000035
565 0.45250000000000035
566 0.45650000000000035
567 0.45350000000000035
568 0.45300000000000035
569 0.45050000000000034
570 0.45200000000000035
571 0.45250000000000035
572 0.45500000000000035
573 0.45050000000000034
574 0.45650000000000035
575 0.45350000000000035
576 0.45350000000000035
577 0.45200000000000035
578 0.45200000000000035
579 0.45250000000000035
580 0.45400000000000035
581 0.45250000000000035
582 0.45200000000000035
583 0.45500000000000035
584 0.45500000000000035
585 0.45450000000000035
586 0.45550000000000035
587 0.45650000000000035
588 0.45500000000000035
589 0.45300000000000035
590 0.45450000000000035
591 0.45300000000000035
592 0.45700000000000035
593 0.45400000000000035
594 0.45550000000000035
595 0.45750000000000035
596 0.45450000000000035
597 0.45200000000000035
598 0.45450000000000035
599 0.45750000000000035
600 0.45750000000000035
601 0.45550000000000035
602 0.45700000000000035
603 0.45700000000000035
604 0.45900000000000035
605 0.45500000000000035
606 0.45750000000000035
607 0.45950000000000035
608 0.45600000000000035
609 0.45900000000000035
610 0.45850000000000035
611 0.45800000000000035
612 0.45950000000000035
613 0.46100000000000035
614 0.45900000000000035
615 0.45900000000000035
616 0.46150000000000035
617 0.46000000000000035
618 0.46200000000000035
619 0.46100000000000035
620 0.46200000000000035
621 0.45850000000000035
622 0.45900000000000035
623 0.46150000000000035
624 0.46200000000000035
625 0.46100000000000035
626 0.45950000000000035
627 0.46300000000000036
628 0.46200000000000035
629 0.45900000000000035
630 0.46350000000000036
631 0.46300000000000036
632 0.46300000000000036
633 0.46700000000000036
634 0.46800000000000036
635 0.46450000000000036
636 0.46950000000000036
637 0.46700000000000036
638 0.46750000000000036
639 0.46600000000000036
640 0.46700000000000036
641 0.46550000000000036
642 0.46900000000000036
643 0.46700000000000036
644 0.46600000000000036
645 0.46850000000000036
646 0.46850000000000036
647 0.46450000000000036
648 0.46550000000000036
649 0.46650000000000036
650 0.46750000000000036
651 0.47050000000000036
652 0.47100000000000036
653 0.47200000000000036
654 0.47050000000000036
655 0.47000000000000036
656 0.46800000000000036
657 0.46650000000000036
658 0.46700000000000036
659 0.46850000000000036
660 0.46850000000000036
661 0.47000000000000036
662 0.46900000000000036
663 0.47200000000000036
664 0.47400000000000037
665 0.47200000000000036
666 0.47000000000000036
667 0.47050000000000036
668 0.47000000000000036
669 0.47350000000000037
670 0.47200000000000036
671 0.47300000000000036
672 0.47000000000000036
673 0.47000000000000036
674 0.47100000000000036
675 0.47400000000000037
676 0.47150000000000036
677 0.47050000000000036
678 0.47000000000000036
679 0.47250000000000036
680 0.47100000000000036
681 0.47050000000000036
682 0.47150000000000036
683 0.47050000000000036
684 0.47250000000000036
685 0.47200000000000036
686 0.46850000000000036
687 0.47050000000000036
688 0.47200000000000036
689 0.47300000000000036
690 0.47400000000000037
691 0.47350000000000037
692 0.47050000000000036
693 0.47100000000000036
694 0.47000000000000036
695 0.47150000000000036
696 0.47500000000000037
697 0.47350000000000037
698 0.47400000000000037
699 0.47350000000000037
700 0.47450000000000037
701 0.47700000000000037
702 0.47750000000000037
703 0.47800000000000037
704 0.47850000000000037
705 0.47650000000000037
706 0.47450000000000037
707 0.47650000000000037
708 0.47600000000000037
709 0.47600000000000037
710 0.47800000000000037
711 0.47950000000000037
712 0.47950000000000037
713 0.48000000000000037
714 0.4840000000000004
715 0.4845000000000004
716 0.4830000000000004
717 0.4825000000000004
718 0.4835000000000004
719 0.4835000000000004
720 0.48000000000000037
721 0.4825000000000004
722 0.4840000000000004
723 0.4840000000000004
724 0.4850000000000004
725 0.4825000000000004
726 0.4830000000000004
727 0.4840000000000004
728 0.4840000000000004
729 0.4840000000000004
730 0.4860000000000004
731 0.4820000000000004
732 0.48150000000000037
733 0.48100000000000037
734 0.4845000000000004
735 0.4860000000000004
736 0.4850000000000004
737 0.48150000000000037
738 0.4840000000000004
739 0.4850000000000004
740 0.4850000000000004
741 0.4870000000000004
742 0.4875000000000004
743 0.4870000000000004
744 0.4850000000000004
745 0.4855000000000004
746 0.4865000000000004
747 0.4885000000000004
748 0.4875000000000004
749 0.4875000000000004
750 0.4895000000000004
751 0.4870000000000004
752 0.4870000000000004
753 0.4895000000000004
754 0.4875000000000004
755 0.4895000000000004
756 0.4905000000000004
757 0.4895000000000004
758 0.4895000000000004
759 0.4895000000000004
760 0.4905000000000004
761 0.4925000000000004
762 0.4905000000000004
763 0.4920000000000004
764 0.4890000000000004
765 0.4900000000000004
766 0.4910000000000004
767 0.4935000000000004
768 0.4940000000000004
769 0.4950000000000004
770 0.4950000000000004
771 0.4955000000000004
772 0.4940000000000004
773 0.4940000000000004
774 0.4915000000000004
775 0.4925000000000004
776 0.4950000000000004
777 0.4955000000000004
778 0.4940000000000004
779 0.4945000000000004
780 0.4920000000000004
781 0.4935000000000004
782 0.4930000000000004
783 0.4920000000000004
784 0.4915000000000004
785 0.4915000000000004
786 0.4930000000000004
787 0.4875000000000004
788 0.4900000000000004
789 0.4935000000000004
790 0.4920000000000004
791 0.4935000000000004
792 0.4955000000000004
793 0.4930000000000004
794 0.4940000000000004
795 0.4930000000000004
796 0.4945000000000004
797 0.4920000000000004
798 0.4910000000000004
799 0.4950000000000004
800 0.4975000000000004
801 0.4965000000000004
802 0.4950000000000004
803 0.4935000000000004
804 0.4940000000000004
805 0.4940000000000004
806 0.4965000000000004
807 0.4955000000000004
808 0.4940000000000004
809 0.4950000000000004
810 0.4955000000000004
811 0.4960000000000004
812 0.4925000000000004
813 0.4955000000000004
814 0.4945000000000004
815 0.4965000000000004
816 0.4975000000000004
817 0.4980000000000004
818 0.4970000000000004
819 0.4960000000000004
820 0.4975000000000004
821 0.4935000000000004
822 0.4960000000000004
823 0.4950000000000004
824 0.4940000000000004
825 0.4960000000000004
826 0.4935000000000004
827 0.4990000000000004
828 0.4975000000000004
829 0.5000000000000003
830 0.4975000000000004
831 0.5000000000000003
832 0.4975000000000004
833 0.5000000000000003
834 0.4975000000000004
835 0.5000000000000003
836 0.4990000000000004
837 0.5020000000000001
838 0.5005000000000003
839 0.4995000000000004
840 0.5005000000000003
841 0.5020000000000001
842 0.5025000000000001
843 0.5025000000000001
844 0.5025000000000001
845 0.5020000000000001
846 0.5020000000000001
847 0.5025000000000001
848 0.5000000000000003
849 0.5020000000000001
850 0.4985000000000004
851 0.5000000000000003
852 0.5010000000000002
853 0.5039999999999999
854 0.5015000000000002
855 0.4950000000000004
856 0.4995000000000004
857 0.5020000000000001
858 0.5035
859 0.5025000000000001
860 0.5039999999999999
861 0.4995000000000004
862 0.503
863 0.5059999999999997
864 0.5020000000000001
865 0.5054999999999997
866 0.5044999999999998
867 0.5049999999999998
868 0.5035
869 0.5069999999999996
870 0.5079999999999995
871 0.5059999999999997
872 0.5069999999999996
873 0.5074999999999995
874 0.5059999999999997
875 0.5054999999999997
876 0.5039999999999999
877 0.5099999999999992
878 0.5074999999999995
879 0.5049999999999998
880 0.5084999999999994
881 0.5104999999999992
882 0.5069999999999996
883 0.5084999999999994
884 0.5069999999999996
885 0.5079999999999995
886 0.5084999999999994
887 0.5089999999999993
888 0.5054999999999997
889 0.5059999999999997
890 0.5059999999999997
891 0.5079999999999995
892 0.5069999999999996
893 0.5059999999999997
894 0.5069999999999996
895 0.5109999999999991
896 0.5099999999999992
897 0.5079999999999995
898 0.5054999999999997
899 0.5079999999999995
900 0.5094999999999993
901 0.5099999999999992
902 0.5069999999999996
903 0.5069999999999996
904 0.5084999999999994
905 0.5099999999999992
906 0.5109999999999991
907 0.5084999999999994
908 0.5084999999999994
909 0.5079999999999995
910 0.5079999999999995
911 0.5064999999999996
912 0.5094999999999993
913 0.5079999999999995
914 0.5049999999999998
915 0.5074999999999995
916 0.5104999999999992
917 0.5089999999999993
918 0.5079999999999995
919 0.5099999999999992
920 0.5109999999999991
921 0.5089999999999993
922 0.5104999999999992
923 0.5104999999999992
924 0.5069999999999996
925 0.5099999999999992
926 0.5109999999999991
927 0.5134999999999988
928 0.5114999999999991
929 0.5129999999999989
930 0.511999999999999
931 0.5084999999999994
932 0.5074999999999995
933 0.512499999999999
934 0.5099999999999992
935 0.5104999999999992
936 0.5134999999999988
937 0.5109999999999991
938 0.5129999999999989
939 0.512499999999999
940 0.512499999999999
941 0.5114999999999991
942 0.512499999999999
943 0.5099999999999992
944 0.5134999999999988
945 0.5154999999999986
946 0.5109999999999991
947 0.5139999999999988
948 0.5114999999999991
949 0.5129999999999989
950 0.5144999999999987
951 0.5099999999999992
952 0.5134999999999988
953 0.5099999999999992
954 0.5084999999999994
955 0.5074999999999995
956 0.5079999999999995
957 0.5094999999999993
958 0.512499999999999
959 0.512499999999999
960 0.5109999999999991
961 0.5149999999999987
962 0.5139999999999988
963 0.5159999999999986
964 0.5154999999999986
965 0.5129999999999989
966 0.5139999999999988
967 0.512499999999999
968 0.5139999999999988
969 0.5159999999999986
970 0.5139999999999988
971 0.5139999999999988
972 0.511999999999999
973 0.5149999999999987
974 0.5129999999999989
975 0.5139999999999988
976 0.5149999999999987
977 0.511999999999999
978 0.5129999999999989
979 0.5164999999999985
980 0.5129999999999989
981 0.5159999999999986
982 0.5144999999999987
983 0.5164999999999985
984 0.5169999999999985
985 0.5154999999999986
986 0.5129999999999989
987 0.5154999999999986
988 0.5174999999999984
989 0.5174999999999984
990 0.5159999999999986
991 0.5169999999999985
992 0.5139999999999988
993 0.5164999999999985
994 0.5174999999999984
995 0.5154999999999986
996 0.5129999999999989
997 0.5174999999999984
998 0.5184999999999983
999 0.5219999999999979