0 0.03629506385447682
1 0.12171349187330566
2 0.19776770223491666
3 0.22063174951837708
4 0.25190229306297696
5 0.27352761889497224
6 0.2914411735807335
7 0.29810570431222067
8 0.3199240843349584
9 0.3182357186370371
10 0.3189680111389464
11 0.3414504176645731
12 0.339419696921762
13 0.3412627906279911
14 0.3426950412382261
15 0.34807839319788153
16 0.35452129214796796
17 0.3558857792749454
18 0.3554025742832979
19 0.36310856048615275
20 0.3732692013338372
21 0.3694615022721363
22 0.3548228247071815
23 0.3703816683906273
24 0.3601584688021074
25 0.36615785404392903
26 0.36600574325920465
27 0.37054837012224523
28 0.36652949725830997
29 0.3657528877005083
30 0.3705451238050938
31 0.391028109612486
32 0.38257024175937565
33 0.37810001480485667
34 0.3548580022639663
35 0.3793787295024488
36 0.36635263819444247
37 0.3744662216304481
38 0.38021052013155465
39 0.37399026929724877
40 0.3647473731215299
41 0.3656805696309567
42 0.3728893833427241
43 0.3705052547730105
44 0.37415367491203294
45 0.3691785703082165
46 0.3837276008912274
47 0.3670440437174851
48 0.3718302095872541
49 0.3698594604233249
50 0.3762080556224211
51 0.3745102775782411
52 0.36639868817707344
53 0.37995647751420736
54 0.3704613612092939
55 0.37281625263636964
56 0.3813243878781014
57 0.3742009853712766
58 0.37325166758420625
59 0.35983580418285016
60 0.383743059827219
61 0.3750872670605231
62 0.36305438658931755
63 0.3758129153802023
64 0.383629345375903
65 0.3793885608003143
66 0.3738325123242345
67 0.3719537814831513
68 0.3753509857232381
69 0.37183984311679097
70 0.3836590785759665
71 0.37113463664288526
72 0.370796559581197
73 0.38214563162107434
74 0.37704072844214176
75 0.37535903806063536
76 0.37720823487736577
77 0.3841482540863551
78 0.37144700619543575
79 0.3820416078586983
80 0.3856967772652316
81 0.3718821890876109
82 0.3785826081733601
83 0.37312993833141594
84 0.3738356352242714
85 0.38282107895765205
86 0.3796317468688313
87 0.37716213408432225
88 0.37883787963367965
89 0.3749880607376433
90 0.3772111039441728
91 0.36446484188726763
92 0.38883051230348836
93 0.37072027131863167
94 0.36788905944400907
95 0.37563561249037003
96 0.3779817845104464
97 0.37919012423313425
98 0.37572211100717606
99 0.3880309404944859
100 0.3739987713886893
101 0.36402129070985345
102 0.36554381081694903
103 0.37489450972897254
104 0.3962887238583001
105 0.37156003779677493
106 0.38984800192168173
107 0.3882723061226702
108 0.3919420328157316
109 0.3877060791493743
110 0.3790925833656532
111 0.3858591599832472
112 0.37028643191857763
113 0.37486937225067085
114 0.3764008037216703
115 0.38171362745108667
116 0.38049270861982465
117 0.37531974767399356
118 0.3603867359124395
119 0.38222748779135024
120 0.37460627151866194
121 0.38696808063391686
122 0.37281006628160446
123 0.3725626651126955
124 0.3871538838981422
125 0.37577057676728665
126 0.3703011293408997
127 0.36569982655886457
128 0.37344038414804764
129 0.3755141469421954
130 0.3781036850680968
131 0.3747221015337212
132 0.3715229468898722
133 0.3758182641453522
134 0.3711181301775191
135 0.38541707381330803
136 0.3697684755945249
137 0.37619573232644227
138 0.3648064452735122
139 0.39030870086738373
140 0.3774293369788884
141 0.3878520957903628
142 0.37108391015824266
143 0.3791765399590415
144 0.3810636727890797
145 0.3794087104119878
146 0.3871368533057717
147 0.3732897558287042
148 0.3697473326547305
149 0.37656321555642996
150 0.3842162002992563
151 0.37830035365956755
152 0.374433441572675
153 0.3767630347921517
154 0.3788797029279349
155 0.38347219392447307
156 0.3734116209926566
157 0.38239071958966964
158 0.3758873023471927
159 0.37348980574891205
160 0.3755010053622788
161 0.3761659448873064
162 0.37625706412351995
163 0.36763457530738075
164 0.365764358415786
165 0.38013073877217235
166 0.3828840652998044
167 0.3807399223341996
168 0.3747300926991811
169 0.37959076627860305
170 0.389714677828445
171 0.3831137348654781
172 0.3743366008593601
173 0.3816541403511397
174 0.38343620341618845
175 0.383267896933618
176 0.36670433179617684
177 0.3793219060055363
178 0.38497989607852445
179 0.3742184661832341
180 0.37900507914916737
181 0.37830269634350616
182 0.3736379478863065
183 0.38365211948191336
184 0.3654665809079476
185 0.3803887424631377
186 0.3707109276876992
187 0.3830880372361491
188 0.3836708088754787
189 0.38264031976117846
190 0.37979118752477187
191 0.37577242759303503
192 0.3682766537686264
193 0.3836978376854056
194 0.37845811306590443
195 0.366783502517381
196 0.3718445855101906
197 0.3753901264739609
198 0.36980434213261587
199 0.37518450529774255
200 0.3744621374326715
201 0.3755087332421446
202 0.3848285154364486
203 0.37713356433899936
204 0.37975672657014814
205 0.38036872094885577
206 0.37559278077861113
207 0.3786158298981306
208 0.3761475278030381
209 0.37630134253130365
210 0.3729915202725322
211 0.3846885836185366
212 0.37819251787185
213 0.39007462522123115
214 0.37727556107829285
215 0.37090342225998263
216 0.3689211986244623
217 0.3829037207071265
218 0.387072588712167
219 0.3850506344884322
220 0.3779514089380582
221 0.38065098012457366
222 0.3702736453372686
223 0.37840283585389134
224 0.37544797695725385
225 0.36765948780483226
226 0.3803448366959274
227 0.3547467935033147
228 0.36029857814919714
229 0.36540983396093674
230 0.38694956147515136
231 0.3882597595107103
232 0.37385533081905287
233 0.38309778454175913
234 0.3877064119373036
235 0.37742876746856024
236 0.37000745578780936
237 0.3812626858693568
238 0.37951204093966917
239 0.3784980935313184
240 0.38551417437866414
241 0.3687742741630502
242 0.37724909596149
243 0.38301197377034807
244 0.39178218764667117
245 0.37218273614074204
246 0.3881672868176468
247 0.38619884372534663
248 0.38006609026981614
249 0.3869950993326106
250 0.3698077265415387
251 0.38024556594853276
252 0.3805731146143103
253 0.3769173650072093
254 0.3857798317958274
255 0.38386441483787137
256 0.36119059381710983
257 0.3735637447808405
258 0.3872176549694585
259 0.38179806194665306
260 0.39959541292793066
261 0.3757693817958985
262 0.3761791007845369
263 0.38038758625241925
264 0.3758579565666886
265 0.37702625891815544
266 0.3715642684932225
267 0.37324767611950455
268 0.3593891044262624
269 0.39217527107962963
270 0.37229987804806297
271 0.39123014175024884
272 0.383107970016047
273 0.3740584579456153
274 0.38577842677772217
275 0.3658767276378531
276 0.37304757675077277
277 0.3822226283312192
278 0.3861858298790154
279 0.37773991871504636
280 0.3789513838517916
281 0.3691860208244238
282 0.3839518006034228
283 0.36503431867742564
284 0.3803391617527165
285 0.3693382045680279
286 0.3825099148638265
287 0.3869441642483366
288 0.36982451754160867
289 0.38257731251630483
290 0.3948460950508672
291 0.38929540233340115
292 0.3827646814947477
293 0.3887926742263334
294 0.36796190447921523
295 0.38450911909331875
296 0.37636045967378634
297 0.3828355211716435
298 0.37466696323770327
299 0.3796969001789337
300 0.3688226612931009
301 0.3744379947284479
302 0.38034648787352593
303 0.36938651221002317
304 0.3935167828671473
305 0.36323868374194024
306 0.38137518359543826
307 0.38569850879025847
308 0.3690113091510559
309 0.3603616393626124
310 0.3758697974855589
311 0.3720110670213992
312 0.38396607406111805
313 0.36490576311311573
314 0.38758282948758677
315 0.3692042141553965
316 0.3797278653602072
317 0.37325850861928683
318 0.3712879542921823
319 0.37082252614688677
320 0.3797358725469792
321 0.38197338393281194
322 0.3870837121575693
323 0.37238818100994253
324 0.378062987027681
325 0.3786769628615389
326 0.36661300290176774
327 0.38502722183677734
328 0.37198910799163176
329 0.3729771028525288
330 0.3711517178059651
331 0.3716417414148519
332 0.36490136906331444
333 0.3835246234420459
334 0.36354015560906855
335 0.3813832043999122
336 0.3756077855519801
337 0.38510601005721096
338 0.37404984309660333
339 0.3895940143286564
340 0.37281798986763437
341 0.3805361354999306
342 0.3785805509893771
343 0.3871574474140751
344 0.3855208555612929
345 0.3698828309930343
346 0.36781705357061467
347 0.39035430581295394
348 0.37636814275124364
349 0.3771732203829501
350 0.38246663760720645
351 0.37267673365037185
352 0.3924730835720054
353 0.37902347953481774
354 0.3733097964866047
355 0.38611202008127177
356 0.37794030850975974
357 0.38283794452389186
358 0.3679534317310829
359 0.3700065587282856
360 0.3750068466944534
361 0.38223567837130334
362 0.3707776983755033
363 0.3795974899332101
364 0.3773961980186182
365 0.38656531277342393
366 0.3783989344421718
367 0.3847767032022478
368 0.3666866787239077
369 0.36984996825876
370 0.3728180248409987
371 0.37781062429701423
372 0.37296942202029065
373 0.3738353120812968
374 0.37894341435597934
375 0.36166812936192605
376 0.37312329220376955
377 0.385667807033818
378 0.37370312848891
379 0.3748192171108653
380 0.3853824597333771
381 0.37366043074067806
382 0.37418847908351693
383 0.38668637463134026
384 0.3946297083287697
385 0.38907722292501423
386 0.3845176711568352
387 0.38085983555452546
388 0.3616591060742004
389 0.3825387961643414
390 0.3716518414284954
391 0.3767709274844982
392 0.3819362306065768
393 0.3906109083762338
394 0.37681737875990845
395 0.39176264307198444
396 0.36439883350956315
397 0.3687411661881204
398 0.39629138728360636
399 0.3762624539051044
400 0.38418332585030673
401 0.38378106283542696
402 0.38402266557836034
403 0.37667048278397136
404 0.3744986395916568
405 0.37843432633677077
406 0.3791816464299363
407 0.37855280331602004
408 0.36224057547990907
409 0.3774556552026085
410 0.3836610720873717
411 0.39198010467501165
412 0.37351241482256126
413 0.3864155793518701
414 0.3747215772664751
415 0.3715344845016868
416 0.39070091226610815
417 0.374332008528602
418 0.377277069994683
419 0.38068220086467075
420 0.3647490394232923
421 0.3843981821931416
422 0.3773769882001874
423 0.37524146760239646
424 0.3735352042926422
425 0.37627039057109074
426 0.3891853669297892
427 0.3770884088662048
428 0.3940916861163658
429 0.37085720080688256
430 0.37884194371922375
431 0.3748491745823232
432 0.37450725720888883
433 0.37849059170484617
434 0.38416356314136063
435 0.3631143560962342
436 0.3700300388855486
437 0.38434202919501087
438 0.3785490228938313
439 0.3611137595831115
440 0.3858479072246313
441 0.3746107346095767
442 0.37410745622580854
443 0.3748226899892863
444 0.37710050883951973
445 0.36459404305291754
446 0.38638393746122474
447 0.38628764150918643
448 0.3792724422805511
449 0.3785820723850199
450 0.383650478517583
451 0.3752717378629436
452 0.3790354352382343
453 0.37337486766131023
454 0.3681775812979069
455 0.3733245430924904
456 0.38132192853663543
457 0.3926303431167162
458 0.37656825216282364
459 0.388599145890565
460 0.3809272315954144
461 0.3741040746658684
462 0.37598386646150683
463 0.3840724433841719
464 0.3729115702456747
465 0.38394813512437237
466 0.36977925171053616
467 0.3958059930688195
468 0.38152143362598023
469 0.37647408837616114
470 0.39303197215477664
471 0.36630422209947366
472 0.37444695147018686
473 0.38246627738086286
474 0.3697199878098244
475 0.38394755394692753
476 0.36897683002282483
477 0.37544772592268433
478 0.37304676005796755
479 0.3666699985015426
480 0.3708508198481831
481 0.3864377361161573
482 0.3764445627310416
483 0.3776494970132579
484 0.3698533352530683
485 0.3543931514778113
486 0.3692642663739697
487 0.3674958062914206
488 0.3799897125044011
489 0.3890798793176449
490 0.3702850935499235
491 0.3607688433192751
492 0.3619486190526755
493 0.36834506565466457
494 0.38266172837442763
495 0.3720295934968013
496 0.37784500111445246
497 0.37190922081952055
498 0.3741171902125356
499 0.38652916157979567
500 0.39605533698282924
501 0.37935110683097284
502 0.3768692658941941
503 0.39081047440101696
504 0.38141433648492923
505 0.382101119105934
506 0.37517298207199806
507 0.37764394021498665
508 0.3631007670038554
509 0.3768545012282491
510 0.3701589336312174
511 0.37039570789703596
512 0.3768608107111134
513 0.3700001642207816
514 0.37214566636951835
515 0.39540568197718845
516 0.3858333640969905
517 0.37772571370774527
518 0.3669262664127972
519 0.3626298172090326
520 0.38087618152161173
521 0.383379621880027
522 0.38705973020946477
523 0.3784337812443501
524 0.3727308217091562
525 0.3726999906836273
526 0.3898565579024067
527 0.38745785863318416
528 0.3797845018701361
529 0.3921197328669391
530 0.37201156591627443
531 0.38108812621627847
532 0.38506845803692163
533 0.37763563663505473
534 0.3739379455106928
535 0.38271313840401977
536 0.3720749769850494
537 0.3741182570509224
538 0.3822354430993427
539 0.3680920390708434
540 0.37905566599248647
541 0.37695124721950446
542 0.3837007408564482
543 0.3717950442259841
544 0.38472148553820196
545 0.3732008694764198
546 0.3884112383790994
547 0.37872546744203717
548 0.36138981851927515
549 0.3656830336450865
550 0.38984906712083145
551 0.38308825349725484
552 0.37622475893282054
553 0.3767771626459158
554 0.36431347741705106
555 0.3631947995575886
556 0.38195341757635753
557 0.3801197690113698
558 0.3796884527636891
559 0.3743041172123159
560 0.3735380092050661
561 0.3700888656709858
562 0.3752250529431287
563 0.3882614094372223
564 0.37368671433979533
565 0.3794498738166041
566 0.3795365305421946
567 0.38662100248384723
568 0.3810485707951819
569 0.36812259336314745
570 0.40090207534530925
571 0.36707563145107613
572 0.37769584157269354
573 0.37267117822558476
574 0.37776316535014376
575 0.36881513612420735
576 0.3823099798837945
577 0.3674957460175561
578 0.3747885961891088
579 0.37246891825362005
580 0.3788972746855838
581 0.38425435018370724
582 0.37629553525321885
583 0.3866951573715995
584 0.3670580286753894
585 0.3759652254777423
586 0.3790161666355682
587 0.37719695598522396
588 0.3712038091690604
589 0.3795992657316437
590 0.37068319399188016
591 0.3752729680456576
592 0.3755747221024544
593 0.3791756947543919
594 0.3857106753769337
595 0.37626675171470864
596 0.36733485840017904
597 0.37949545222571684
598 0.3828600170811352
599 0.36845145995447803
600 0.3544095950377888
601 0.37768940884487967
602 0.3773142314462422
603 0.37974631840852197
604 0.3738285565805848
605 0.3758205954945687
606 0.3728761808643299
607 0.37756588548108533
608 0.3777057401939302
609 0.38027795974170514
610 0.3689665342099615
611 0.37489123163958493
612 0.38163222552745796
613 0.37389844132055317
614 0.3853641599481305
615 0.3611604021822586
616 0.38039525581938666
617 0.38773798779245733
618 0.3809847127434411
619 0.36623253845801895
620 0.37047005162181773
621 0.36282233766459787
622 0.3792292361578421
623 0.38312533284523037
624 0.3794654936522672
625 0.36886978819063854
626 0.3654856271725438
627 0.3828565099490665
628 0.3728682448406222
629 0.3892098158816069
630 0.37764317301004247
631 0.3737316343009963
632 0.3714519573335221
633 0.3741918715334841
634 0.37212135109647576
635 0.3842912335225008
636 0.3661296014734104
637 0.37969407368318187
638 0.36878093480748575
639 0.3790624278595312
640 0.3833186299940318
641 0.3819162699880911
642 0.37705869429367006
643 0.37021615502641136
644 0.37593023170218254
645 0.3965756161113637
646 0.3744161338796623
647 0.36375128534973705
648 0.3759052293331252
649 0.3901037285161825
650 0.38059066800531616
651 0.381217282555369
652 0.36570862615729915
653 0.36363352869863724
654 0.3782364244645044
655 0.3666159438164446
656 0.3772512107369102
657 0.37361780383570875
658 0.3729468757479689
659 0.3913593736429916
660 0.37508102974598173
661 0.384954289939015
662 0.3775114479924895
663 0.39140702642222497
664 0.3806639525390634
665 0.36512509006643523
666 0.3697458669066627
667 0.37500044579137043
668 0.37457866342287355
669 0.37089444129043203
670 0.3845043399645636
671 0.38299173795180436
672 0.3884681116255185
673 0.38489371729584204
674 0.37756401540990786
675 0.3776592971971264
676 0.3657528389995799
677 0.3751729387994664
678 0.38442389595859405
679 0.38827041404234713
680 0.38756367674494857
681 0.38171987647824523
682 0.3708536830627623
683 0.3828032754933572
684 0.3789398886776471
685 0.3861492854894898
686 0.38708890070247437
687 0.37008099407634415
688 0.37743508583593777
689 0.38699134218849546
690 0.37208331349482165
691 0.39378902012565015
692 0.3855839179105304
693 0.37338012948969157
694 0.38605374941251014
695 0.3887988721243177
696 0.3795491660998108
697 0.37917458419658157
698 0.37074908873076495
699 0.38278338199576745
700 0.36288411980895113
701 0.3805776756807718
702 0.3894902294891441
703 0.3855998418575972
704 0.3770743877977788
705 0.3845066955176634
706 0.38807229339452104
707 0.38058910592707856
708 0.38466827488575295
709 0.3740140184559344
710 0.38446031087246957
711 0.37864624783685596
712 0.3775636221156665
713 0.3943721121713319
714 0.39602813945001947
715 0.38097776317088566
716 0.3721933079451285
717 0.38421290014399795
718 0.38240447283293544
719 0.3837952720220209
720 0.3689287544688927
721 0.380234503305559
722 0.3743414575257042
723 0.3717731810222179
724 0.3877779218422936
725 0.36901637457950404
726 0.38200916436552756
727 0.38575534589903065
728 0.36327179353795735
729 0.3855960715483698
730 0.37509952493540266
731 0.38011471035788535
732 0.3895256834435768
733 0.3819339544077666
734 0.3900344309466298
735 0.37376637360175224
736 0.37196273510314576
737 0.3650014399341876
738 0.3772891291216789
739 0.3890857874120324
740 0.37732668825485044
741 0.37310409958163093
742 0.36951132514783025
743 0.37229981502252707
744 0.39447284974580415
745 0.35742730208171813
746 0.37269907004327996
747 0.38211612736771583
748 0.37654956015894175
749 0.37697900687867303
750 0.3820454679801527
751 0.3779022077897271
752 0.3840334712778885
753 0.3724824438507814
754 0.39165975347415527
755 0.375624100547263
756 0.38525548946469634
757 0.37114065512504235
758 0.3759198535451286
759 0.36911171024500206
760 0.38532425658122027
761 0.37370938436001616
762 0.3643032237503653
763 0.3872476936167716
764 0.37066003524734964
765 0.3808652323832439
766 0.39410282304486255
767 0.3715618396847078
768 0.3876454634159079
769 0.3791989969529633
770 0.38436879675034347
771 0.39228886564511395
772 0.3661550354385277
773 0.3720672704189181
774 0.3618300302756016
775 0.38406381073570206
776 0.38076565875868645
777 0.381662872592137
778 0.37159605511184024
779 0.3841699741103131
780 0.37800767561252396
781 0.35920010476277914
782 0.3708913362413261
783 0.3750658311405522
784 0.38165651397815276
785 0.3724371362934019
786 0.3762048618354272
787 0.36466902365604864
788 0.3851259400729471
789 0.36939357504343934
790 0.37913953236639963
791 0.3754571832872329
792 0.36564401586032047
793 0.3780311250159386
794 0.3678238116429469
795 0.37454968633618546
796 0.3792895053572913
797 0.3690816055143402
798 0.374685449823018
799 0.3691228615750073
800 0.36241599593629065
801 0.3673485038408725
802 0.3731661584323649
803 0.38479541359575764
804 0.39117624950777513
805 0.37472102556047165
806 0.3894322512799907
807 0.3835851643849059
808 0.3753590480868017
809 0.37868471004963167
810 0.3735849677348796
811 0.3857712643225748
812 0.37801047344278355
813 0.3666809185024325
814 0.3896643442999296
815 0.3738276689655564
816 0.3654770236558286
817 0.38601262576731354
818 0.3635443652627719
819 0.38332260204091156
820 0.3846329372535796
821 0.3902412701994366
822 0.378434615292201
823 0.3664222896052384
824 0.3654482661037539
825 0.39617834520565276
826 0.3794779666434427
827 0.37920814496339333
828 0.368098442926649
829 0.3682559421736763
830 0.37158829902181134
831 0.38043956113558147
832 0.39095799205033716
833 0.3744151841785753
834 0.37722662731568707
835 0.3854805497488174
836 0.38717489342923356
837 0.3742231461710083
838 0.37787717735044474
839 0.3724581994849702
840 0.3714509205511904
841 0.3748708137150667
842 0.3787562761476798
843 0.36672151840302863
844 0.38385955653212145
845 0.38687530796501285
846 0.37777959533041355
847 0.37169836466953377
848 0.3643586343891987
849 0.38633803710907644
850 0.3836387040011607
851 0.3732051827806321
852 0.386833456243638
853 0.3863606731193754
854 0.3526535141451352
855 0.3867732003569158
856 0.39043802731565996
857 0.37356128102048924
858 0.36575650433257845
859 0.3746737017695759
860 0.3805126608368357
861 0.37852821793265107
862 0.36550680099719235
863 0.38747643617565614
864 0.37496863051316115
865 0.3768435680916563
866 0.3760231275259792
867 0.3768493482031355
868 0.3745205049689581
869 0.3956517436222497
870 0.36474852184661766
871 0.374162295832469
872 0.38089698329832977
873 0.3889546656835176
874 0.39262534247573766
875 0.36560444745101567
876 0.382578064436921
877 0.3733098814724528
878 0.3737437198784479
879 0.3816854309188032
880 0.37735283150679505
881 0.3882710685968539
882 0.3878017411876756
883 0.3929522901051336
884 0.3726013927642854
885 0.38267805214928996
886 0.38554250854631184
887 0.37801645238856213
888 0.37577469095020805
889 0.3835211451697166
890 0.3793895768734729
891 0.38638545835542687
892 0.37243136860671283
893 0.38376210717806103
894 0.3776240674929563
895 0.3770297353819857
896 0.3849194816217499
897 0.3685749294329613
898 0.3615374819388801
899 0.3781025870211721
900 0.3824267115736267
901 0.35963638264417186
902 0.36858149351826497
903 0.38624517522561447
904 0.3780291823265935
905 0.3764846365077649
906 0.3527779590810466
907 0.39012490013805734
908 0.3708232678328391
909 0.3869183225887993
910 0.3712998922309136
911 0.38119228109375
912 0.37474473414054477
913 0.39160218408166014
914 0.3747731400241323
915 0.3779372933387507
916 0.3877557281999523
917 0.3805231138143626
918 0.3882706254092106
919 0.37035938214930025
920 0.39078820879577775
921 0.3699716737814665
922 0.37932297586673835
923 0.37416716489924867
924 0.3820464834111208
925 0.36567646764492956
926 0.37185375036038276
927 0.38487526195198607
928 0.38279001856457395
929 0.38505102339321134
930 0.3643364054355366
931 0.3661386248266618
932 0.39160685770613873
933 0.3858672484538699
934 0.38630235573985455
935 0.3760484140282044
936 0.3859238739625488
937 0.3756925221787771
938 0.38342546693233787
939 0.3807965819171551
940 0.37726250953780216
941 0.375286539609984
942 0.38341760212754256
943 0.3675836615324199
944 0.3751045354684984
945 0.36981844176378914
946 0.3766461076009909
947 0.3718255592968846
948 0.3812566345211507
949 0.37751419182764034
950 0.37345284390518874
951 0.39415453569238396
952 0.3718181688862617
953 0.375132178569922
954 0.3684541006449775
955 0.37415560681429477
956 0.37632780735101784
957 0.3774776615118457
958 0.38046893438544727
959 0.36997409083227767
960 0.3913360185062599
961 0.38588614332315335
962 0.37396983203429435
963 0.38314167093822254
964 0.37025039600314086
965 0.3830930400124075
966 0.3797564407143825
967 0.37775417825184004
968 0.3891070622308021
969 0.37443369745336613
970 0.37538100812543745
971 0.38642283059983534
972 0.3862623984762349
973 0.38045743686394234
974 0.3861492782865047
975 0.3776724954502584
976 0.3788510088650571
977 0.38111643187032634
978 0.37662442165230436
979 0.38124202231633303
980 0.38056446169074254
981 0.3663447286573174
982 0.3861246169801122
983 0.3703974322167551
984 0.37782185495617326
985 0.3697469330762148
986 0.37853760824607796
987 0.3645088547246278
988 0.3757376086656004
989 0.3805328685068842
990 0.3660821510902897
991 0.36561174061133866
992 0.39146458736835327
993 0.3698043261603884
994 0.3820573411632668
995 0.38131531514189676
996 0.38727471964170507
997 0.37933373358304195
998 0.38531707893880157
999 0.38252891706189035
