-0,68 -4,6
-0,6 -4,8
-0,49 -3,9
-0,21 -5,4
0,057 -5,4
-1,1 -5,1
-1,8 -4,4
-0,67 -5,7
0,29 -4,7
-0,41 -4,2
1,8 -4,5
0,93 -4,5
0,74 -5,4
-1,2 -4,8
0,84 -5,8
0,21 -3,8
0,5 -5,3
-0,21 -5,9
-0,11 -4,4
0,16 -2,9
-0,52 -3,8
0,42 -6,2
1,1 -4
-0,5 -5,1
0,45 -4,6
-0,24 -4,6
-1 -4,3
0,95 -5,5
-2,2 -5,6
-1,3 -4,4
-1,6 -4,8
2,1 -5,6
0,86 -5,5
0,16 -5
-1,2 -4,9
-0,082 -5,9
0,078 -6,2
1,1 -4,9
-1,2 -3,6
-0,2 -4,8
-2,2 -4,5
-0,75 -4,2
-1,6 -5,3
1,6 -4,8
0,34 -4,6
1,2 -4,3
1,3 -6,4
-0,96 -3,9
1,7 -2,8
-0,77 -4,5
