1,3 -0,54
-2,3 -2,5
-0,37 -0,047
0,49 0,79
1 0,95
-1,9 -1,7
0,61 -0,3
1,4 1,4
-0,53 0,43
-1,1 0,14
0,64 -0,52
-0,76 0,11
1,3 2,4
0,93 0,52
0,095 -0,11
0,44 -0,74
-0,26 -2,3
2,8 1,1
1,3 0,49
0,1 1,7
0,57 -1,5
-1,5 0,05
-0,32 -0,049
0,19 -0,58
-1 -0,26
-0,35 2
-0,4 0,31
-1,7 -0,17
1 0,35
-0,56 -0,82
-0,054 -1
0,35 -0,31
1 0,96
0,44 -1,6
0,26 2,2
-0,36 -0,23
-0,86 0,05
-0,27 1,5
-0,27 0,22
0,75 -0,14
1,6 0,76
0,76 -1,1
0,33 -0,95
-1,4 -0,96
-0,11 -0,56
0,37 -1,2
0,076 0,69
-1,4 0,85
-0,1 0,27
-0,32 0,38
