1.3 -0.54 1
-2.3 -2.5 1
-0.37 -0.047 1
0.49 0.79 1
1 0.95 1
-1.9 -1.7 1
0.61 -0.3 1
1.4 1.4 1
-0.53 0.43 1
-1.1 0.14 1
0.64 -0.52 1
-0.76 0.11 1
1.3 2.4 1
0.93 0.52 1
0.095 -0.11 1
0.44 -0.74 1
-0.26 -2.3 1
2.8 1.1 1
1.3 0.49 1
0.1 1.7 1
0.57 -1.5 1
-1.5 0.05 1
-0.32 -0.049 1
0.19 -0.58 1
-1 -0.26 1
-0.35 2 1
-0.4 0.31 1
-1.7 -0.17 1
1 0.35 1
-0.56 -0.82 1
-0.054 -1 1
0.35 -0.31 1
1 0.96 1
0.44 -1.6 1
0.26 2.2 1
-0.36 -0.23 1
-0.86 0.05 1
-0.27 1.5 1
-0.27 0.22 1
0.75 -0.14 1
1.6 0.76 1
0.76 -1.1 1
0.33 -0.95 1
-1.4 -0.96 1
-0.11 -0.56 1
0.37 -1.2 1
0.076 0.69 1
-1.4 0.85 1
-0.1 0.27 1
-0.32 0.38 1
-0.68 -4.6 0
-0.6 -4.8 0
-0.49 -3.9 0
-0.21 -5.4 0
0.057 -5.4 0
-1.1 -5.1 0
-1.8 -4.4 0
-0.67 -5.7 0
0.29 -4.7 0
-0.41 -4.2 0
1.8 -4.5 0
0.93 -4.5 0
0.74 -5.4 0
-1.2 -4.8 0
0.84 -5.8 0
0.21 -3.8 0
0.5 -5.3 0
-0.21 -5.9 0
-0.11 -4.4 0
0.16 -2.9 0
-0.52 -3.8 0
0.42 -6.2 0
1.1 -4 0
-0.5 -5.1 0
0.45 -4.6 0
-0.24 -4.6 0
-1 -4.3 0
0.95 -5.5 0
-2.2 -5.6 0
-1.3 -4.4 0
-1.6 -4.8 0
2.1 -5.6 0
0.86 -5.5 0
0.16 -5 0
-1.2 -4.9 0
-0.082 -5.9 0
0.078 -6.2 0
1.1 -4.9 0
-1.2 -3.6 0
-0.2 -4.8 0
-2.2 -4.5 0
-0.75 -4.2 0
-1.6 -5.3 0
1.6 -4.8 0
0.34 -4.6 0
1.2 -4.3 0
1.3 -6.4 0
-0.96 -3.9 0
1.7 -2.8 0
-0.77 -4.5 0
