   0.00000   0.00000   1.00000
  -3.70962  -5.35210   1.00000
  -1.42211  -2.40219   1.00000
  -2.66972   4.30397   1.00000
   1.55548   4.93590   1.00000
  -1.59524   6.23187   1.00000
  -5.55343  -1.67754   1.00000
  -5.57887  -0.37315   1.00000
   2.91409   4.75527   1.00000
  -1.92258  -5.99233   1.00000
   4.57485   4.59031   1.00000
   5.32024  -0.07820   1.00000
   1.98235  -1.70504   1.00000
  -1.67116   2.00863   1.00000
   2.39138   0.11597   1.00000
  -0.03928  -2.43152   1.00000
   1.29275  -1.86318   1.00000
   0.01739   0.86042   1.00000
  -0.14444  -4.24898   1.00000
   6.38276   1.80984   1.00000
   2.33197  -4.20321   1.00000
  -6.69190   1.80744   1.00000
  -2.67265  -0.99825   1.00000
  -5.19020  -2.51251   1.00000
   5.74030  -0.70631   1.00000
   2.73013  -3.54386   1.00000
  -4.75332   2.13464   1.00000
   2.01990   0.78374   1.00000
   2.07486   4.42268   1.00000
  -5.04006   1.98926   1.00000
  -1.58670  -3.00892   1.00000
   0.25811   6.21287   1.00000
   3.82225   0.48971   1.00000
   3.46025  -2.63284   1.00000
   2.71912  -5.84998   1.00000
   4.68591  -4.62129   1.00000
  -0.82815   6.45953   1.00000
  -2.39740  -2.78524   1.00000
   3.45853   3.41366   1.00000
  -1.41428   4.80462   1.00000
   6.00000   6.00000   -1.00000
  -6.84527  -8.05161   -1.00000
  -6.19062  -5.04681   -1.00000
   4.88147  -9.20874   -1.00000
  -8.72957  -9.11317   -1.00000
   7.43674  -4.79812   -1.00000
   8.98549   0.47589   -1.00000
   8.85766   3.90529   -1.00000
   9.96122   3.18927   -1.00000
   9.96828  -1.74332   -1.00000
   8.60504   5.74390   -1.00000
  -8.34754  -7.12903   -1.00000
  -6.84408   8.77091   -1.00000
   8.89943   3.15976   -1.00000
  -4.82195   7.26054   -1.00000
  -7.65412   6.07961   -1.00000
   5.85241  -4.73570   -1.00000
  -5.86623  -9.52611   -1.00000
   7.67761   4.52181   -1.00000
   7.61185   6.36220   -1.00000
   9.99208   0.94654   -1.00000
  -3.24407  -7.07951   -1.00000
  -8.19462   8.57220   -1.00000
   8.25193   6.98124   -1.00000
   1.25512   7.64250   -1.00000
  -3.91890   8.92790   -1.00000
  -3.32719  -8.47989   -1.00000
  -8.10487  -6.26173   -1.00000
  -0.42222   9.20010   -1.00000
  -5.93936   8.37659   -1.00000
   9.83218   3.70072   -1.00000
  -6.16813   8.13385   -1.00000
  -8.72171   2.70964   -1.00000
   2.28106  -6.86299   -1.00000
   8.89075  -2.56709   -1.00000
  -9.76748   0.84272   -1.00000
   8.67909  -1.61521   -1.00000
   4.37574   8.93692   -1.00000
   5.92641  -5.19276   -1.00000
   1.99628   7.99332   -1.00000
  -6.91256  -2.03599   -1.00000
  -8.07426   9.67435   -1.00000
   5.97567   8.29561   -1.00000
  -9.79845   7.07376   -1.00000
   0.95351  -9.15076   -1.00000
   1.78681  -9.97164   -1.00000
   9.50450  -8.92081   -1.00000
   7.97529   1.98158   -1.00000
  -7.01164  -1.29813   -1.00000
   7.49425   6.83315   -1.00000
  -7.72860   7.92754   -1.00000
  -7.12263   7.47743   -1.00000
  -0.48315   7.82878   -1.00000
  -7.10878   8.06644   -1.00000
   8.02251   4.55016   -1.00000
  -9.70817  -7.68047   -1.00000
   6.77467  -8.79168   -1.00000
   5.13733   7.79196   -1.00000
   0.07511   9.72312   -1.00000
  -1.00589  -9.66282   -1.00000
  -9.64522   9.62570   -1.00000
   7.86204  -3.89495   -1.00000
