# iterations: 1000 rate: 0.4
0 -0.004745724038684598 -0.008897108422270036 0.0019116669189833298
1 2.506886535393019 0.3036124316940879 2.097315581139436
2 3.3859675826892213 -0.18016326719688214 2.317887801009519
3 4.019031208590628 -0.549523922507603 2.4654571659439974
4 4.525373027358141 -0.7993445543743285 2.592115868388615
5 4.944442463869734 -0.9404057559027285 2.7083178569106363
6 5.301587486372529 -1.0251048487167846 2.813097997555234
7 5.613870347120259 -1.0843729783998586 2.9056711670565987
8 5.891981778891241 -1.129632387527805 2.9880249887696797
9 6.143049028289771 -1.1660484253612629 3.0622099279873867
10 6.372114550867719 -1.196530439781789 3.129835250617691
11 6.582901248372006 -1.2229127779122704 3.192116737272837
12 6.778246994723769 -1.246411188492501 3.2499749669863323
13 6.960370274754384 -1.2678473047357064 3.3041147367396695
14 7.13104143846938 -1.2877791954953657 3.3550828281876974
15 7.29169755630317 -1.3065853472058784 3.40330938257039
16 7.443521969985151 -1.3245215330628908 3.44913762693054
17 7.587500962597101 -1.3417600952861142 3.4928453686009266
18 7.72446515588897 -1.358417148873476 3.534660637161262
19 7.85512043145323 -1.3745713099032137 3.5747731392390873
20 7.980071478599377 -1.390276465597422 3.6133427047455156
21 8.09984002750271 -1.4055703856882797 3.650505564701413
22 8.214879168422856 -1.4204804616727535 3.6863790612089495
23 8.325584733988471 -1.435027485022358 3.7210652189655185
24 8.432304441831512 -1.449228101456913 3.75465348529257
25 8.535345305624032 -1.463096381234195 3.7872228583126533
26 8.634979691441893 -1.4766448057430088 3.818843560810029
27 8.731450303470984 -1.4898848732045225 3.8495783732653046
28 8.824974315922278 -1.502827459119086 3.8794837083314633
29 8.915746818646445 -1.5154830213222323 3.908610486851843
30 9.003943707088654 -1.5278617086127593 3.9370048597272183
31 9.089724119371832 -1.5399734112284131 3.964708808626673
32 9.173232502012102 -1.5518277777019158 3.991760650377905
33 9.254600369351124 -1.563434213571007 4.01819546393996
34 9.333947809015614 -1.5748018714937961 4.044045454508278
35 9.411384775701409 -1.5859396384862736 4.06934026607601
36 9.487012207676552 -1.5968561235454193 4.094107251360667
37 9.560922994121201 -1.6075596473760396 4.118371706178043
38 9.633202816407465 -1.6180582349865988 4.142157073948423
39 9.703930882393447 -1.628359611349958 4.165485124941015
40 9.773180569552446 -1.6384712000008599 4.18837611402026
41 9.841019990117518 -1.648400124272517 4.210848919994058
42 9.907512489268441 -1.6581532108006996 4.23292116913616
43 9.972717085623866 -1.667736994906825 4.254609345031272
44 10.036688861850287 -1.6771577274873624 4.2759288865489555
45 10.099479311999808 -1.686421383069685 4.296894275472883
46 10.16113665119416 -1.6955336687349678 4.3175191150827565
47 10.221706092443583 -1.7045000336508287 4.337816200796583
48 10.281230094696493 -1.7133256789970708 4.357797583823229
49 10.339748585634748 -1.7220155681051756 4.377474628643416
50 10.397299162239944 -1.7305744366654152 4.396858065026397
51 10.453917271742807 -1.7390068028844192 4.415958035195761
52 10.509636375217143 -1.7473169775007826 4.43478413667846
53 10.564488095782531 -1.7555090735872536 4.453345461303257
54 10.618502353125033 -1.7635870160855442 4.471650630756829
55 10.67170748582855 -1.7715545510342705 4.4897078290559955
56 10.724130362822788 -1.7794152544624116 4.507524832251597
57 10.775796485093414 -1.7871725409303236 4.525109035642461
58 10.826730078661857 -1.7948296717080834 4.542467478745736
59 10.87695417972258 -1.8023897625871699 4.559606868241928
60 10.926490712721785 -1.8098557913263238 4.576533599088537
61 10.975360562071863 -1.8172306047362536 4.59325377397497
62 11.023583638117092 -1.8245169254107307 4.609773221272628
63 11.071178937897743 -1.831717358113806 4.6260975116178145
64 11.118164601199858 -1.838834395834431 4.64223197325049
65 11.164557962325281 -1.8458704255208884 4.658181706219398
66 11.210375597970582 -1.8528277335081274 4.673951595552644
67 11.255633371562693 -1.8597085106515032 4.689546323482961
68 11.300346474363224 -1.866514857180593 4.704970380808086
69 11.344529463621893 -1.8732487872866987 4.720228077458664
70 11.388196298031234 -1.8799122334574996 4.735323552339365
71 11.431360370710017 -1.8865070505720012 4.750260782502396
72 11.474034539920638 -1.8930350197685673 4.765043591707269
73 11.516231157705997 -1.8994978520983876 4.7796756584155204
74 11.55796209661388 -1.9058971919762433 4.794160523264722
75 11.599238774661227 -1.912234620439948 4.808501596062138
76 11.640072178676462 -1.9185116582293096 4.822702162334696
77 11.680472886145697 -1.9247297686949636 4.8367653894688125
78 11.720451085677285 -1.9308903605468575 4.8506943324705905
79 11.76001659618891 -1.9369947904517155 4.864491939374444
80 11.799178884912566 -1.943044365488263 4.87816105632561
81 11.837947084304306 -1.9490403454685377 4.891704432360096
82 11.876330007938341 -1.9549839451331104 4.905124723903428
83 11.914336165458488 -1.9608763362276382 4.9184244990080765
84 11.951973776653567 -1.9667186494676925 4.931606241347571
85 11.989250784718278 -1.9725119763984251 4.944672353984033
86 12.02617486875576 -1.9782573711552351 4.957625162924486
87 12.062753455573844 -1.9839558521312382 4.9704669204800975
88 12.098993730822453 -1.9896084035569768 4.983199808441395
89 12.134902649516379 -1.9952159769974869 4.995825941081523
90 12.170486945983912 -2.0007794927715428 5.008347367998673
91 12.205753143278802 -2.0062998412975563 5.020766076808058
92 12.240707562090181 -2.011777884370408 5.033083995692844
93 12.275356329182467 -2.017214456373156 5.045302995823036
94 12.309705385394928 -2.022610365427371 5.057424893650372
95 12.343760493228473 -2.0279663944855706 5.069451453086966
96 12.377527244045032 -2.033283302369102 5.081384387574658
97 12.41101106490328 -2.038561824754498 5.093225362051715
98 12.44421722505269 -2.043802675111239 5.104975994822966
99 12.477150842106338 -2.0490065455936186 5.116637859339042
100 12.509816887911537 -2.054174107889308 5.128212485890082
101 12.542220194135902 -2.0593060140269848 5.139701363218761
102 12.574365457585479 -2.064402897145293 5.151105940057344
103 12.606257245270296 -2.0694653722252454 5.162427626592965
104 12.63789999923166 -2.0744940367880904 5.173667795865278
105 12.669298041144675 -2.079489471560476 5.184827785100104
106 12.700455576708475 -2.084452241108686 5.1959088969826945
107 12.731376699835925 -2.089382894443622 5.206912400873862
108 12.762065396653831 -2.0942819655980767 5.217839533972039
109 12.792525549323733 -2.09914997417774 5.228691502424216
110 12.822760939693152 -2.103987425887364 5.239469482388398
111 12.852775252786163 -2.108794813033364 5.2501746210501485
112 12.882572080141806 -2.113572615004045 5.260808037595658
113 12.912154923008298 -2.1183212987286786 5.271370824143502
114 12.941527195400491 -2.1230413191164703 5.281864046637226
115 12.970692227027603 -2.1277331194764257 5.292288745700767
116 12.999653266097795 -2.132397131919122 5.302645937458542
117 13.028413482005874 -2.1370337777412876 5.312936614321967
118 13.056975967909882 -2.1416434677940233 5.323161745744084
119 13.085343743202104 -2.146226602835498 5.33332227894382
120 13.11351975587971 -2.150783573868888 5.343419139601388
121 13.14150688481986 -2.1553147624662676 5.353453232526169
122 13.169307941964005 -2.159820541079152 5.363425442298448
123 13.196925674415539 -2.1643012733363163 5.373336633886191
124 13.224362766455135 -2.168757314329533 5.383187653238026
125 13.251621841477439 -2.1731890108877723 5.392979327853583
126 13.27870546385307 -2.177596701840429 5.40271246733221
127 13.305616140718966 -2.181980718270105 5.412387863901031
128 13.332356323700873 -2.186341383755405 5.422006292923316
129 13.358928410570686 -2.1906790146042336 5.431568513388045
130 13.38533474684175 -2.1949939200780344 5.441075268381493
131 13.411577627304926 -2.199286402607363 5.450527285541624
132 13.437659297507976 -2.2035567579992157 5.459925277496092
133 13.463581955180874 -2.2078052756364785 5.469269942284501
134 13.489347751609326 -2.212032238669839 5.478561963765668
135 13.514958792958808 -2.2162379242025123 5.487802012010491
136 13.540417141551258 -2.2204226034680943 5.496990743681052
137 13.565724817096422 -2.2245865420018553 5.506128802396526
138 13.59088379787984 -2.2287299998057324 5.5152168190864685
139 13.61589602190925 -2.2328532315073355 5.524255412331998
140 13.640763388021195 -2.236956486513202 5.533245188695366
141 13.665487756949435 -2.2410400091565412 5.542186743038393
142 13.690070952356871 -2.2451040388397248 5.551080658830253
143 13.714514761832298 -2.249148810171722 5.559927508444985
144 13.738820937853616 -2.2531745531007132 5.568727853449205
145 13.76299119871866 -2.257181493042099 5.577482244880358
146 13.787027229445128 -2.261169851002024 5.586191223515894
147 13.810930682640741 -2.265139843696683 5.594855320133779
148 13.83470317934485 -2.2690916836675568 5.6034750557645925
149 13.858346309842606 -2.27302557939272 5.612050941935613
150 13.881861634452719 -2.2769417353943937 5.6205834809071495
151 13.905250684289978 -2.280840352342907 5.629073165901447
152 13.928514962003334 -2.284721627157214 5.637520481324436
153 13.95165594249059 -2.288585753102065 5.6459259029805935
154 13.974675073590507 -2.2924329198820117 5.654289898281191
155 13.997573776753368 -2.2962633137323345 5.662612926446134
156 14.020353447690512 -2.30007711750704 5.670895438699691
157 14.043015457003888 -2.303874510764015 5.679137878460283
158 14.065561150796237 -2.3076556698474806 5.687340681524597
159 14.087991851262657 -2.311420767967813 5.695504276246167
160 14.110308857264245 -2.3151699752788533 5.703629083708692
161 14.132513444884403 -2.318903458952797 5.711715517894223
162 14.154606867968527 -2.3226213832527614 5.719763985846454
163 14.176590358647623 -2.326323909603096 5.727774887829241
164 14.19846512784643 -2.3300111966575447 5.735748617480532
165 14.220232365776603 -2.3336834003653273 5.743685561961913
166 14.24189324241547 -2.337340674035206 5.75158610210383
167 14.263448907970927 -2.3409831683976488 5.759450612546718
168 14.284900493332874 -2.3446110316650963 5.76727946187816
169 14.306249110511745 -2.348224409590458 5.775073012766166
170 14.327495853064432 -2.3518234455238867 5.782831622088783
171 14.348641796508282 -2.355408280467864 5.790555641060085
172 14.36968799872329 -2.3589790531306902 5.798245415352679
173 14.390635500343064 -2.3625358999784223 5.805901285216889
174 14.411485325134933 -2.366078955285318 5.813523585596693
175 14.432238480369508 -2.369608351182814 5.821112646242508
176 14.452895957180031 -2.373124217707137 5.828668791820942
177 14.47345873091193 -2.376626682845555 5.836192342021628
178 14.493927761462839 -2.380115872581315 5.843683611661199
179 14.5143039936134 -2.383591910937352 5.851142910784522
180 14.534588357349204 -2.387054920018749 5.858570544763275
181 14.554781768174033 -2.390505020054054 5.865966814391941
182 14.574885127414852 -2.3939423294354465 5.8733320159813
183 14.59489932251868 -2.3973669647578 5.880666441449517
184 14.61482522734167 -2.4007790408567113 5.887970378410894
185 14.634663702430567 -2.4041786708454707 5.895244110262332
186 14.654415595296895 -2.4075659661510613 5.902487916267607
187 14.674081740684016 -2.410941036549195 5.909702071639515
188 14.693662960827313 -2.4143039901984125 5.916886847619952
189 14.713160065707699 -2.417654933673284 5.924042511557985
190 14.732573853298698 -2.420993971996755 5.931169326985992
191 14.751905109807188 -2.424321208671622 5.938267553693894
192 14.771154609908184 -2.427636745711223 5.945337447801603
193 14.790323116973623 -2.430940683669305 5.9523792618296385
194 14.809411383295483 -2.4342331216691497 5.959393244768085
195 14.828420150303394 -2.4375141574319628 5.966379642143823
196 14.847350148776806 -2.4407838873044985 5.973338696086172
197 14.866202099052016 -2.4440424062860444 5.9802706453909655
198 14.884976711224075 -2.447289808054701 5.987175725583064
199 14.903674685343848 -2.4505261849930022 5.994054168977412
200 14.922296711610214 -2.453751628212908 6.000906204738645
201 14.940843470557706 -2.456966227580182 6.007732058939309
202 14.959315633239681 -2.460170071738173 6.01453195461668
203 14.977713861407027 -2.4633632481310097 6.021306111828308
204 14.996038807682721 -2.4665458430262333 6.028054747706256
205 15.014291115732208 -2.4697179415368873 6.034778076510063
206 15.032471420429832 -2.47287962764308 6.041476309678552
207 15.05058034802133 -2.4760309842130184 6.048149655880403
208 15.068618516282573 -2.4791720930235623 6.054798321063622
209 15.08658653467462 -2.4823030347802653 6.061422508503837
210 15.104485004495192 -2.485423889136983 6.0680224188515615
211 15.122314519026698 -2.4885347347149787 6.074598250178385
212 15.14007566368089 -2.49163564912162 6.081150198022116
213 15.15776901614017 -2.494726708968625 6.0876784554309475
214 15.175395146495799 -2.497807989889882 6.094183213006653
215 15.192954617382917 -2.5008795665588908 6.100664658946794
216 15.210447984112562 -2.5039415127057696 6.107122979086066
217 15.22787579480079 -2.5069939011338955 6.113558356936693
218 15.245238590494859 -2.5100368037361696 6.119970973727973
219 15.262536905296683 -2.5130702915109135 6.126361008444977
220 15.279771266483516 -2.5160944345774094 6.13272863786639
221 15.296942194626126 -2.5191093021910933 6.139074036601577
222 15.314050203704184 -2.5221149627584185 6.145397377126852
223 15.331095801219357 -2.5251114838513815 6.1516988298209645
224 15.348079488305842 -2.528098932221749 6.157978562999841
225 15.365001759838536 -2.5310773738149406 6.164236742950636
226 15.381863104538951 -2.534046873783648 6.170473533965018
227 15.398664005078803 -2.5370074965011344 6.1766890983718
228 15.415404938181485 -2.539959305574261 6.182883596568888
229 15.432086374721278 -2.542902363856227 6.1890571870545585
230 15.4487087798206 -2.5458367334590415 6.195210026458105
231 15.465272612945181 -2.5487624757657334 6.201342269569881
232 15.481778327997196 -2.5516796514423 6.207454069370678
233 15.498226373406558 -2.5545883204494104 6.213545577060568
234 15.514617192220262 -2.5574885420538487 6.219616942087116
235 15.530951222189913 -2.560380374839742 6.2256683121730765
236 15.547228895857478 -2.563263876719541 6.231699833343479
237 15.563450640639266 -2.5661391049447766 6.237711649952224
238 15.579616878908201 -2.569006116116596 6.243703904708139
239 15.595728028074435 -2.5718649661960886 6.249676738700497
240 15.611784500664388 -2.5747157105143956 6.255630291424053
241 15.627786704398101 -2.5775584037826165 6.261564700803614
242 15.643735042265167 -2.580393100101519 6.267480103218081
243 15.659629912599032 -2.583219852971048 6.273376633524059
244 15.675471709149926 -2.586038715299657 6.279254425079006
245 15.6912608211563 -2.5888497394134333 6.285113609763922
246 15.706997633414838 -2.5916529770650683 6.290954318005631
247 15.722682526349228 -2.5944484794426317 6.296776678798602
248 15.7383158760774 -2.597236297178175 6.302580819726404
249 15.753898054477604 -2.600016480356179 6.308366866982685
250 15.769429429253202 -2.6027890785218264 6.314134945391826
251 15.78491036399613 -2.6055541406891183 6.31988517842917
252 15.800341218249196 -2.60831171534883 6.325617688240883
253 15.81572234756724 -2.611061850476327 6.331332595663436
254 15.831054103577044 -2.613804593539209 6.337030020242738
255 15.846336834036086 -2.6165399915048297 6.342710080252909
256 15.86157088289038 -2.6192680908476613 6.348372892714699
257 15.876756590330976 -2.6219889375565333 6.354018573413596
258 15.891894292849537 -2.624702577141708 6.359647236917574
259 15.906984323292903 -2.627409054641859 6.365258996594542
260 15.922027010916574 -2.630108414630906 6.370853964629435
261 15.937022681437226 -2.632800701224695 6.376432252041072
262 15.951971657084295 -2.635485958087606 6.381993968698627
263 15.966874256650541 -2.638164228438993 6.3875392233378685
264 15.981730795541747 -2.6408355550595344 6.39306812357707
265 15.99654158582553 -2.6434999802974595 6.398580775932657
266 16.011306936279148 -2.6461575460746554 6.404077285834576
267 16.026027152436612 -2.6488082938926727 6.4095577576413785
268 16.040702536634825 -2.6514522648386114 6.415022294655064
269 16.055333388058937 -2.65408949959092 6.420470999135629
270 16.069920002786905 -2.6567200384250653 6.425903972315409
271 16.0844626738332 -2.659343921219127 6.431321314413134
272 16.09896169119181 -2.6619611874592772 6.436723124647721
273 16.11341734187843 -2.6645718762451573 6.442109501251907
274 16.127829909971965 -2.667176026295183 6.447480541485579
275 16.14219967665522 -2.6697736759517356 6.45283634164889
276 16.15652692025498 -2.6723648631862713 6.458176997095152
277 16.170811916281306 -2.674949625604336 6.463502602243551
278 16.185054937466166 -2.677528000450508 6.468813250591564
279 16.199256253801483 -2.6801000246132296 6.474109034727235
280 16.213416132576395 -2.682665734629581 6.479390046341234
281 16.22753483841399 -2.685225166689962 6.484656376238694
282 16.241612633307305 -2.6877783566426836 6.489908114350843
283 16.255649776654824 -2.6903253399985014 6.495145349746487
284 16.269646525295308 -2.6928661519350534 6.500368170643243
285 16.283603133541973 -2.6954008273012438 6.505576664418645
286 16.29751985321633 -2.6979294006215313 6.510770917621028
287 16.31139693368113 -2.700451906100152 6.5159510159802565
288 16.32523462187294 -2.702968377625282 6.5211170444182365
289 16.339033162334257 -2.7054788487731285 6.526269087059315
290 16.352792797244852 -2.7079833528119344 6.531407227240476
291 16.366513766452854 -2.710481922705936 6.536531547521364
292 16.3801963075051 -2.7129745911192584 6.541642129694179
293 16.39384065567712 -2.7154613904197222 6.546739054793385
294 16.40744704400257 -2.717942352682628 6.55182240310525
295 16.421015703302224 -2.72041750969443 6.556892254177293
296 16.434546862212432 -2.722886892956397 6.561948686827509
297 16.44804074721323 -2.7253505336881765 6.566991779153497
298 16.461497582655873 -2.7278084628313315 6.5720216085414185
299 16.474917590789936 -2.7302607110528023 6.577038251674843
300 16.488300991790123 -2.732707308748314 6.5820417845434065
301 16.501648003782424 -2.7351482860457432 6.587032282451399
302 16.51495884287007 -2.737583672808403 6.5920098200261465
303 16.528233723158895 -2.740013498638322 6.59697447122633
304 16.541472856782406 -2.742437792879425 6.601926309350119
305 16.55467645392647 -2.744856584620682 6.606865407043223
306 16.567844722853508 -2.7472699026992227 6.611791836306802
307 16.580977869926382 -2.749677775703377 6.616705668505249
308 16.594076099631923 -2.7520802319756874 6.621606974373849
309 16.60713961460407 -2.7544772996158544 6.626495824026356
310 16.620168615646598 -2.7568690064836723 6.63137228696241
311 16.63316330175557 -2.7592553802018758 6.636236432074877
312 16.64612387014143 -2.7616364481589692 6.641088327657056
313 16.659050516250705 -2.7640122375120217 6.645928041409789
314 16.671943433787455 -2.766382775189385 6.650755640448456
315 16.684802814734283 -2.7687480878933988 6.655571191309887
316 16.69762884937311 -2.771108202103052 6.660374759959123
317 16.710421726305643 -2.773463144076597 6.665166411796144
318 16.723181632473512 -2.775812939854115 6.669946211662425
319 16.73590875317799 -2.7781576152600707 6.674714223847466
320 16.74860327209967 -2.7804971959058 6.679470512095162
321 16.76126537131759 -2.7828317071919857 6.684215139610146
322 16.773895231328222 -2.7851611743110727 6.688948169063962
323 16.786493031064108 -2.787485622249666 6.69366966260121
324 16.79905894791225 -2.7898050757908766 6.698379681845577
325 16.811593157732275 -2.79211955951666 6.703078287905783
326 16.824095834874214 -2.794429097810083 6.70776554138145
327 16.836567152196057 -2.796733714857598 6.7124415023688595
328 16.849007281081196 -2.799033434651244 6.717106230466665
329 16.86141639145538 -2.8013282809908477 6.721759784781496
330 16.87379465180358 -2.8036182774861818 6.726402223933491
331 16.88614222918657 -2.8059034475590825 6.73103360606175
332 16.89845928925726 -2.8081838144455507 6.735653988829709
333 16.910745996276816 -2.8104594011978135 6.740263429430447
334 16.923002513130438 -2.8127302306863746 6.7448619845919096
335 16.935229001343092 -2.8149963256020025 6.74944971058206
336 16.947425621094897 -2.817257708457716 6.754026663213945
337 16.959592531236304 -2.8195144015907405 6.758592897850726
338 16.971729889303074 -2.821766427164426 6.763148469410608
339 16.983837851531078 -2.8240138071701457 6.767693432371711
340 16.99591657287085 -2.826256563429166 6.772227840776866
341 17.007966207001807 -2.8284947175944866 6.776751748238368
342 17.019986906346638 -2.8307282911526643 6.78126520794263
343 17.031978822085026 -2.8329573054255985 6.7857682726548045
344 17.043942104167524 -2.8351817815723126 6.790260994723317
345 17.0558769013291 -2.8374017405906837 6.794743426084362
346 17.067783361102475 -2.839617203319168 6.799215618266301
347 17.079661629831364 -2.841828190438495 6.803677622394049
348 17.091511852683418 -2.84403472247335 6.808129489193365
349 17.103334173663093 -2.846236819794009 6.812571268995095
350 17.115128735624314 -2.848434502617978 6.8170030117393665
351 17.12689568028287 -2.8506277910116 6.8214247669797095
352 17.138635148228825 -2.8528167048916284 6.825836583887139
353 17.15034727893859 -2.855001264026802 6.8302385112541755
354 17.162032210786876 -2.857181488039374 6.8346305974988155
355 17.1736900810586 -2.859357396406649 6.839012890668442
356 17.185321025960405 -2.861529008462472 6.8433854384436925
357 17.1969251806323 -2.863696343398717 6.84774828814227
358 17.20850267915883 -2.865859420266739 6.852101486722702
359 17.220053654580393 -2.868018257978828 6.856445080788062
360 17.231578238904255 -2.8701728753096254 6.8607791165896135
361 17.243076563115398 -2.872323290897528 6.865103640030469
362 17.25454875718727 -2.874469523246078 6.86941869666911
363 17.2659949500924 -2.876611590725324 6.873724331722938
364 17.277415269812934 -2.8787495115731825 6.878020590071751
365 17.288809843350815 -2.880883303896761 6.882307516261179
366 17.300178796738045 -2.8830129856736737 6.886585154506065
367 17.31152225504676 -2.885138574753351 6.890853548693805
368 17.322840342399136 -2.887260088858304 6.8951127423876555
369 17.334133181977197 -2.889377545585404 6.899362778830014
370 17.345400896032427 -2.891490962407124 6.903603700945609
371 17.35664360589537 -2.8936003566727764 6.907835551344693
372 17.367861431985013 -2.8957057456097264 6.912058372326175
373 17.379054493818092 -2.8978071463245962 6.916272205880728
374 17.390222910018306 -2.899904575804451 6.920477093693832
375 17.401366798325267 -2.901998050917968 6.924673077148807
376 17.41248627560357 -2.904087588416606 6.928860197329797
377 17.42358145785158 -2.9061732049357287 6.933038495024718
378 17.43465246021008 -2.908254916995748 6.937208010728141
379 17.44569939697098 -2.9103327410032307 6.941368784644205
380 17.456722381585745 -2.9124066932520027 6.945520856689431
381 17.46772152667379 -2.9144767899242336 6.949664266495511
382 17.478696944030844 -2.916543047091511 6.953799053412119
383 17.489648744636934 -2.918605480715893 6.957925256509607
384 17.50057703866474 -2.920664106650974 6.962042914581709
385 17.51148193548734 -2.9227189406428904 6.9661520661482275
386 17.522363543686176 -2.924769998331376 6.970252749457652
387 17.53322197105884 -2.926817295250737 6.974345002489769
388 17.54405732462671 -2.9288608468308746 6.978428862958222
389 17.554869710642617 -2.930900668398256 6.98250436831307
390 17.565659234598247 -2.932936775176888 6.986571555743278
391 17.576426001231606 -2.934969182289283 6.990630462179209
392 17.58717011453432 -2.9369979047574057 6.9946811242950675
393 17.597891677758827 -2.9390229575036053 6.998723578511323
394 17.608590793425552 -2.9410443553515586 7.002757860997096
395 17.619267563329895 -2.943062113027165 7.006784007672528
396 17.629922088549243 -2.9450762451594623 7.010802054211093
397 17.64055446944984 -2.9470867662815223 7.014812036041949
398 17.65116480569359 -2.9490936908313254 7.018813988352168
399 17.661753196244693 -2.951097033152645 7.022807946089023
400 17.672319739376366 -2.9530968074958928 7.026793943962203
401 17.682864532677335 -2.9550930280189953 7.030772016446001
402 17.693387673058385 -2.9570857087882145 7.034742197781503
403 17.703889256758618 -2.959074863778993 7.038704521978737
404 17.71436937935193 -2.96106050687677 7.042659022818796
405 17.724828135753132 -2.9630426518777946 7.046605733855926
406 17.735265620224204 -2.9650213124899367 7.0505446884196035
407 17.74568192638031 -2.9669965023334774 7.054475919616603
408 17.756077147195946 -2.968968234941892 7.058399460332996
409 17.766451375010703 -2.97093652376263 7.062315343236183
410 17.776804701535383 -2.972901382157872 7.066223600776855
411 17.78713721785762 -2.974862823405308 7.070124265190958
412 17.79744901444773 -2.9768208606988713 7.074017368501621
413 17.80774018116439 -2.978775507149484 7.077902942521083
414 17.818010807260233 -2.980726775785787 7.081781018852585
415 17.828260981387334 -2.9826746795548784 7.085651628892226
416 17.838490791602798 -2.9846192313230104 7.089514803830813
417 17.848700325374185 -2.986560443876307 7.093370574655698
418 17.85888966958475 -2.9884983299214656 7.0972189721525805
419 17.869058910538882 -2.9904329020864466 7.101060026907315
420 17.879208133967236 -2.992364172921158 7.104893769307645
421 17.889337425031943 -2.9942921548981394 7.1087202295449545
422 17.899446868331786 -2.996216860413217 7.112539437616027
423 17.909536547907205 -2.9981383017861813 7.116351423324721
424 17.919606547245273 -3.000056491261432 7.120156216283681
425 17.929656949284713 -3.001971441008626 7.123953845916001
426 17.93968783642078 -3.0038831631233194 7.127744341456863
427 17.949699290510022 -3.005791669627604 7.131527731955196
428 17.95969139287514 -3.0076969724707325 7.135304046275286
429 17.969664224309685 -3.0095990835297264 7.139073313098355
430 17.979617865082695 -3.0114980146100025 7.142835560924171
431 17.98955239494346 -3.013393777445982 7.146590818072575
432 17.999467893125896 -3.0152863837016715 7.150339112685073
433 18.009364438353206 -3.0171758449712724 7.154080472726326
434 18.01924210884234 -3.019062172779759 7.157814925985699
435 18.029100982308304 -3.0209453785834577 7.161542500078717
436 18.038941135968674 -3.0228254737706317 7.165263222448582
437 18.048762646547843 -3.0247024696620355 7.168977120367615
438 18.05856559028135 -3.026576377511485 7.172684220938719
439 18.068350042920034 -3.028447208506406 7.176384551096811
440 18.07811607973426 -3.0303149737683914 7.180078137610221
441 18.087863775518066 -3.03217968435374 7.183765007082127
442 18.097593204593245 -3.0340413512539977 7.187445185951908
443 18.10730444081342 -3.0358999853964823 7.191118700496547
444 18.116997557567988 -3.03775559764482 7.194785576831978
445 18.126672627786174 -3.039608198799466 7.198445840914428
446 18.1363297239408 -3.0414577995982106 7.202099518541744
447 18.14596891805237 -3.043304410716696 7.2057466353547195
448 18.155590281692742 -3.0451480427689206 7.2093872168383895
449 18.165193885988955 -3.046988706307739 7.213021288323326
450 18.17477980162705 -3.048826411825355 7.216648874986906
451 18.184348098855683 -3.0506611697538126 7.220270001854573
452 18.19389884748989 -3.0524929904654776 7.223884693801087
453 18.203432116914694 -3.0543218842735187 7.22749297555177
454 18.21294797608865 -3.056147861432379 7.231094871683715
455 18.22244649354748 -3.05797093213825 7.234690406626993
456 18.231927737407542 -3.0597911065295365 7.238279604665872
457 18.241391775369358 -3.0616083946873047 7.24186248993998
458 18.25083867472102 -3.063422806635753 7.245439086445487
459 18.260268502341642 -3.065234352342654 7.2490094180362865
460 18.269681324704674 -3.0670430417197942 7.252573508425099
461 18.279077207881326 -3.068848884623431 7.256131381184643
462 18.288456217543818 -3.070651890854717 7.259683059748762
463 18.29781841896862 -3.0724520701601357 7.26322856741352
464 18.30716387703977 -3.0742494322319303 7.266767927338322
465 18.316492656252073 -3.076043986708529 7.270301162546988
466 18.325804820714232 -3.0778357431749614 7.273828295928854
467 18.335100434151943 -3.079624711163273 7.277349350239836
468 18.34437955991111 -3.0814109001529326 7.280864348103467
469 18.353642260960886 -3.0831943195712537 7.284373312011979
470 18.36288859989665 -3.084974978793783 7.2878762643273305
471 18.37211863894306 -3.0867528871447045 7.291373227282219
472 18.381332439957077 -3.088528053897237 7.29486422298111
473 18.390530064430873 -3.090300488274016 7.298349273401243
474 18.399711573494745 -3.0920701994474955 7.301828400393641
475 18.408877027920038 -3.093837196540314 7.305301625684069
476 18.41802648812199 -3.095601488625687 7.3087689708740475
477 18.42716001416255 -3.097363084727784 7.312230457441792
478 18.436277665753227 -3.099121993822082 7.315686106743167
479 18.44537950225785 -3.1008782248357605 7.319135940012676
480 18.454465582695263 -3.102631786648045 7.322579978364353
481 18.46353596574212 -3.1043826880905794 7.326018242792732
482 18.472590709735538 -3.1061309379477806 7.329450754173729
483 18.481629872675818 -3.1078765449571932 7.332877533265593
484 18.490653512229045 -3.109619517809842 7.336298600709786
485 18.499661685729656 -3.1113598651505754 7.339713977031887
486 18.508654450183137 -3.1130975955784135 7.343123682642479
487 18.51763186226853 -3.1148327176468857 7.346527737838007
488 18.526593978340916 -3.116565239864373 7.349926162801675
489 18.535540854434043 -3.118295170694439 7.353318977604299
490 18.54447254626271 -3.1200225185561625 7.356706202205135
491 18.553389109225364 -3.121747291824467 7.360087856452767
492 18.562290598406353 -3.123469498830439 7.363463960085899
493 18.571177068578546 -3.12518914786166 7.366834532734217
494 18.58004857420557 -3.126906247162511 7.3701995939191844
495 18.588905169444235 -3.128620804934504 7.373559163054873
496 18.59774690814692 -3.13033282933659 7.37691325944876
497 18.606573843863828 -3.132042328485461 7.380261902302515
498 18.61538602984535 -3.133749310455867 7.383605110712812
499 18.62418351904432 -3.1354537832809175 7.38694290367209
500 18.63296636411823 -3.1371557549523743 7.390275300069338
501 18.641734617431567 -3.1388552334209594 7.393602318690859
502 18.65048833105792 -3.140552226596658 7.396923978221045
503 18.65922755678226 -3.142246742348987 7.400240297243101
504 18.66795234610305 -3.143938788507311 7.403551294239807
505 18.676662750234467 -3.145628372861113 7.4068569875942725
506 18.685358820108412 -3.1473155031602906 7.4101573955906375
507 18.694040606376806 -3.149000187115427 7.413452536414825
508 18.70270815941348 -3.1506824323980784 7.416742428155242
509 18.7113615293164 -3.1523622466410526 7.420027088803498
510 18.720000765909678 -3.1540396374386748 7.423306536255115
511 18.72862591874553 -3.155714612347067 7.426580788310214
512 18.737237037106386 -3.15738717888442 7.429849862674224
513 18.745834170006876 -3.1590573445312495 7.433113776958553
514 18.75441736619576 -3.1607251167306734 7.436372548681267
515 18.762986674157915 -3.162390502888659 7.439626195267793
516 18.771542142116253 -3.164053510374303 7.442874734051542
517 18.78008381803365 -3.1657141465200738 7.446118182274604
518 18.78861174961492 -3.1673724186220715 7.449356557088385
519 18.797125984308554 -3.1690283339402776 7.452589875554273
520 18.80562656930875 -3.1706818996988133 7.455818154644262
521 18.814113551557135 -3.1723331230861826 7.459041411241591
522 18.82258697774475 -3.1739820112555184 7.462259662141416
523 18.83104689431365 -3.1756285713248262 7.465472924051367
524 18.83949334745895 -3.1772728103772305 7.468681213592229
525 18.847926383130382 -3.1789147354612073 7.471884547298536
526 18.85634604703423 -3.18055435359083 7.475082941619164
527 18.86475238463504 -3.182191671745999 7.4782764129179595
528 18.873145441157313 -3.183826696872675 7.481464977474321
529 18.881525261587267 -3.1854594358831165 7.484648651483807
530 18.88989189067452 -3.1870898956560993 7.487827451058718
531 18.898245372933797 -3.1887180830371533 7.491001392228676
532 18.906585752646617 -3.1903440048387863 7.494170490941197
533 18.914913073862895 -3.191967667840697 7.497334763062282
534 18.923227380402654 -3.1935890787900116 7.500494224376964
535 18.931528715857638 -3.195208244401491 7.50364889058989
536 18.939817123592867 -3.196825171357759 7.50679877732586
537 18.94809264674833 -3.198439866309508 7.509943900130395
538 18.956355328240488 -3.20005233587572 7.513084274470269
539 18.964605210763928 -3.201662586643876 7.5162199157340694
540 18.972842336792873 -3.203270625170165 7.519350839232719
541 18.98106674858274 -3.204876457979691 7.5224770602000275
542 18.989278488171642 -3.206480091566685 7.525598593793205
543 18.99747759738194 -3.208081532394705 7.528715455093395
544 19.005664117821716 -3.2096807868968495 7.531827659106188
545 19.01383809088633 -3.2112778614759354 7.53493522076214
546 19.021999557759806 -3.212872762504722 7.538038154917284
547 19.030148559416357 -3.2144654963260946 7.541136476353638
548 19.03828513662183 -3.216056069253272 7.544230199779692
549 19.04640932993517 -3.217644487569985 7.547319339830947
550 19.05452117970973 -3.219230757530685 7.550403911070363
551 19.062620726094867 -3.22081488536073 7.553483927988865
552 19.070708009037187 -3.222396877256569 7.556559405005831
553 19.07878306828197 -3.2239767393859378 7.559630356469571
554 19.086845943374612 -3.2255544778880396 7.562696796657803
555 19.094896673661978 -3.227130098873729 7.5657587397781265
556 19.102935298293705 -3.228703608425707 7.568816199968498
557 19.11096185622355 -3.2302750125986885 7.571869191297684
558 19.11897638621074 -3.231844317419591 7.574917727765728
559 19.12697892682132 -3.2334115288877117 7.577961823304406
560 19.134969516429415 -3.2349766529749027 7.581001491777692
561 19.142948193218547 -3.236539695625746 7.584036746982173
562 19.15091499518292 -3.2381006627577356 7.5870676026475445
563 19.158869960128673 -3.239659560261441 7.590094072437011
564 19.166813125675194 -3.2412163940006864 7.593116169947735
565 19.174744529256323 -3.242771169812714 7.596133908711288
566 19.182664208121633 -3.2443238935083594 7.599147302194065
567 19.190572199337623 -3.2458745708722136 7.602156363797717
568 19.19846853978898 -3.247423207662793 7.605161106859566
569 19.206353266179764 -3.2489698096127015 7.608161544653041
570 19.21422641503463 -3.2505143824287916 7.611157690388091
571 19.222088022700003 -3.2520569317923336 7.6141495572115785
572 19.229938125345207 -3.2535974633591698 7.617137158207724
573 19.237776758963754 -3.2551359827598763 7.620120506398488
574 19.245603959374463 -3.2566724955999207 7.623099614743968
575 19.253419762222535 -3.2582070074598204 7.626074496142837
576 19.26122420298078 -3.259739523895292 7.629045163432686
577 19.26901731695069 -3.2612700504374206 7.632011629390459
578 19.276799139263677 -3.2627985925927896 7.634973906732836
579 19.284569704882024 -3.264325155843655 7.637932008116608
580 19.292329048600074 -3.265849745648081 7.640885946139064
581 19.300077205045366 -3.267372367440098 7.643835733338372
582 19.30781420867966 -3.2688930266298457 7.646781382193969
583 19.315540093800017 -3.2704117286037224 7.649722905126921
584 19.323254894539886 -3.271928478724535 7.652660314500285
585 19.33095864487018 -3.2734432823316326 7.655593622619526
586 19.338651378600304 -3.27495614474106 7.658522841732815
587 19.346333129379204 -3.276467071245695 7.661447984031452
588 19.354003930696344 -3.277976067115394 7.6643690616501745
589 19.361663815882913 -3.2794831375971323 7.667286086667567
590 19.3693128181126 -3.2809882879151324 7.6701990711063655
591 19.37695097040279 -3.282491523271017 7.673108026933846
592 19.384578305615463 -3.2839928488439343 7.676012966062146
593 19.39219485645821 -3.285492269790703 7.678913900348632
594 19.399800655485247 -3.28698979124594 7.681810841596223
595 19.407395735098387 -3.2884854183221983 7.684703801553747
596 19.414980127547967 -3.2899791561100975 7.687592791916272
597 19.422553864933853 -3.291471009678454 7.690477824325438
598 19.4301169792064 -3.292960984074415 7.693358910369791
599 19.4376695021673 -3.294449084323595 7.696236061585117
600 19.445211465470706 -3.295935315430186 7.699109289454767
601 19.452742900623964 -3.2974196823770976 7.701978605409977
602 19.46026383898867 -3.298902190126086 7.7048440208301905
603 19.467774311781547 -3.300382843617867 7.707705547043388
604 19.475274350075303 -3.3018616477722587 7.710563195326394
605 19.48276398479964 -3.303338607488293 7.713416976905185
606 19.490243246742065 -3.3048137276443366 7.71626690295522
607 19.497712166548798 -3.306287013098218 7.7191129846017414
608 19.505170774725656 -3.307758468687349 7.721955232920087
609 19.512619101638897 -3.3092280992288465 7.724793658935973
610 19.52005717751619 -3.310695909519646 7.727628273625821
611 19.527485032447352 -3.3121619043366195 7.73045908791705
612 19.534902696385217 -3.3136260884367053 7.733286112688373
613 19.54231019914657 -3.3150884665570017 7.7361093587701
614 19.549707570412945 -3.3165490434149074 7.738928836944408
615 19.557094839731388 -3.3180078237082133 7.74174455794567
616 19.56447203651536 -3.3194648121152364 7.744556532460708
617 19.571839190045566 -3.3209200132949195 7.747364771129091
618 19.57919632947072 -3.322373431886953 7.750169284543437
619 19.58654348380839 -3.323825072511874 7.752970083249675
620 19.59388068194576 -3.325274939771188 7.755767177747324
621 19.60120795264046 -3.3267230382474695 7.758560578489782
622 19.60852532452139 -3.328169372504483 7.7613502958846
623 19.6158328260894 -3.329613947087276 7.764136340293753
624 19.62313048571812 -3.3310567665223 7.766918722033905
625 19.630418331654823 -3.3324978353175063 7.769697451376697
626 19.637696392020985 -3.3339371579624597 7.772472538548995
627 19.644964694813233 -3.3353747389284365 7.775243993733161
628 19.652223267904052 -3.336810582668532 7.778011827067323
629 19.659472139042464 -3.3382446936177668 7.780776048645642
630 19.66671133585485 -3.339677076193183 7.783536668518556
631 19.673940885845557 -3.3411077347939515 7.78629369669304
632 19.681160816397874 -3.342536673801465 7.789047143132859
633 19.688371154774508 -3.3439638975794512 7.7917970177588485
634 19.695571928118415 -3.345389410474061 7.794543330449134
635 19.702763163453547 -3.346813216813976 7.797286091039394
636 19.709944887685477 -3.348235320910496 7.800025309323121
637 19.71711712760217 -3.3496557270576446 7.802760995051835
638 19.7242799098746 -3.3510744395322676 7.805493157935366
639 19.73143326105757 -3.352491462594128 7.8082218076420675
640 19.738577207590286 -3.353906800485986 7.810946953799077
641 19.74571177579711 -3.355320457433717 7.813668605992542
642 19.75283699188817 -3.356732437646392 7.81638677376787
643 19.75995288196011 -3.3581427453163744 7.819101466629945
644 19.767059471996706 -3.359551384619413 7.821812694043388
645 19.77415678786954 -3.360958359714733 7.824520465432762
646 19.781244855338667 -3.362363674745127 7.827224790182828
647 19.788323700053255 -3.3637673338370417 7.829925677638747
648 19.795393347552245 -3.3651693411006787 7.832623137106343
649 19.802453823264983 -3.3665697006300754 7.835317177852284
650 19.809505152511903 -3.3679684165031953 7.838007809104337
651 19.816547360505066 -3.3693654927820176 7.84069504005159
652 19.82358047234887 -3.3707609335126225 7.843378879844665
653 19.83060451304066 -3.372154742725279 7.846059337595928
654 19.83761950747134 -3.3735469244345286 7.848736422379733
655 19.84462548042594 -3.3749374826392833 7.851410143232589
656 19.851622456584366 -3.3763264213228923 7.854080509153443
657 19.85861046052181 -3.3777137444532377 7.856747529103838
658 19.86558951670953 -3.3790994559828187 7.859411212008139
659 19.87255964951536 -3.3804835598488268 7.8620715667537535
660 19.879520883204346 -3.3818660599732384 7.864728602191337
661 19.886473241939207 -3.383246960262887 7.867382327134998
662 19.893416749781153 -3.384626264609558 7.870032750362486
663 19.90035143069022 -3.3860039768900534 7.872679880615427
664 19.90727730852604 -3.3873801009662823 7.875323726599497
665 19.91419440704831 -3.388754640685345 7.877964296984648
666 19.92110274991735 -3.3901275998795977 7.880601600405286
667 19.928002360694705 -3.391498982366746 7.883235645460484
668 19.934893262843776 -3.3928687919499176 7.885866440714175
669 19.94177547973019 -3.3942370324177333 7.888493994695341
670 19.94864903462253 -3.39560370754439 7.891118315898215
671 19.955513950692815 -3.3969688210897444 7.89373941278247
672 19.962370251017006 -3.398332376799374 7.896357293773407
673 19.96921795857564 -3.3996943784046696 7.898971967262158
674 19.976057096254227 -3.4010548296228924 7.901583441605862
675 19.982887686843966 -3.4024137341572613 7.904191725127853
676 19.98970975304211 -3.4037710956970275 7.906796826117851
677 19.996523317452592 -3.4051269179175363 7.90939875283215
678 20.003328402586476 -3.4064812044803134 7.91199751349379
679 20.01012503086251 -3.4078339590331255 7.91459311629275
680 20.016913224607688 -3.409185185210065 7.917185569386117
681 20.023693006057645 -3.410534886631607 7.919774880898288
682 20.03046439735727 -3.4118830669046964 7.922361058921117
683 20.037227420561162 -3.413229729622805 7.924944111514118
684 20.04398209763415 -3.4145748783660093 7.9275240467046295
685 20.05072845045176 -3.4159185167010553 7.930100872487993
686 20.05746650080076 -3.4172606481814323 7.932674596827729
687 20.06419627037956 -3.4186012763474403 7.935245227655708
688 20.07091778079877 -3.4199404047262525 7.937812772872305
689 20.077631053581673 -3.421278036831992 7.940377240346588
690 20.08433611016469 -3.422614176165796 7.942938637916488
691 20.091032971897878 -3.423948826215879 7.94549697338896
692 20.097721660045384 -3.4252819904576013 7.948052254540158
693 20.104402195785884 -3.42661367235354 7.950604489115579
694 20.111074600213122 -3.427943875353543 7.953153684830251
695 20.1177388943363 -3.42927260289481 7.9556998493688775
696 20.124395099080594 -3.430599858401942 7.95824299038603
697 20.131043235287613 -3.431925645287017 7.960783115506263
698 20.13768332371575 -3.4332499669496457 7.963320232324316
699 20.14431538504078 -3.434572826777038 7.965854348405238
700 20.15093943985622 -3.435894228144066 7.968385471284587
701 20.157555508673777 -3.4372141744133273 7.970913608468544
702 20.164163611923783 -3.4385326689352107 7.973438767434095
703 20.17076376995571 -3.4398497150479455 7.975960955629165
704 20.17735600303848 -3.4411653160776803 7.978480180472807
705 20.18394033136101 -3.44247947533853 7.980996449355304
706 20.190516775032563 -3.443792196132641 7.983509769638363
707 20.19708535408325 -3.445103481750254 7.986020148655251
708 20.203646088464396 -3.446413335469761 7.988527593710944
709 20.210198998048938 -3.447721760557762 7.991032112082262
710 20.216744102631928 -3.44902876026913 7.993533711018051
711 20.223281421930874 -3.4503343378470688 7.996032397739295
712 20.229810975586187 -3.4516384965231675 7.998528179439283
713 20.23633278316156 -3.452941239517462 8.001021063283737
714 20.242846864144425 -3.4542425700384856 8.00351105641097
715 20.249353237946316 -3.4555424912833375 8.005998165932015
716 20.255851923903286 -3.4568410064377266 8.008482398930783
717 20.262342941276277 -3.4581381186760414 8.010963762464193
718 20.2688263092516 -3.459433831161397 8.013442263562318
719 20.27530204694122 -3.460728147045692 8.015917909228511
720 20.28177017338321 -3.462021069469666 8.018390706439568
721 20.288230707542112 -3.463312601562948 8.020860662145838
722 20.294683668309336 -3.464602746444131 8.02332778327137
723 20.30112907450356 -3.465891507220798 8.02579207671406
724 20.30756694487107 -3.4671788869895925 8.028253549345749
725 20.313997298086193 -3.4684648888362752 8.030712208012416
726 20.32042015275163 -3.4697495158357627 8.033168059534256
727 20.326835527398813 -3.4710327710521978 8.035621110705845
728 20.333243440488328 -3.472314657538988 8.038071368296245
729 20.33964391041023 -3.4735951783388668 8.040518839049163
730 20.346036955484447 -3.474874336483939 8.042963529683062
731 20.35242259396115 -3.476152134995737 8.045405446891285
732 20.358800844021083 -3.477428576885268 8.047844597342202
733 20.365171723775916 -3.4787036651530703 8.050280987679308
734 20.371535251268657 -3.4799774027892614 8.052714624521395
735 20.377891444473896 -3.481249792773589 8.055145514462628
736 20.38424032129829 -3.482520838075476 8.057573664072686
737 20.39058189958083 -3.4837905416540753 8.059999079896897
738 20.396916197093223 -3.4850589064583186 8.062421768456375
739 20.403243231540177 -3.4863259354269642 8.064841736248088
740 20.409563020559848 -3.48759163148865 8.067258989745039
741 20.4158755817241 -3.4888559975619353 8.069673535396335
742 20.42218093253882 -3.4901190365553516 8.072085379627353
743 20.42847909044434 -3.4913807513674575 8.074494528839825
744 20.434770072815745 -3.4926411448868726 8.076900989411964
745 20.441053896963126 -3.4939002199923306 8.079304767698606
746 20.44733058013201 -3.49515797955274 8.0817058700313
747 20.453600139503667 -3.4964144264272043 8.08410430271841
748 20.459862592195392 -3.497669563465088 8.086500072045283
749 20.466117955260824 -3.498923393506061 8.088893184274317
750 20.472366245690363 -3.5001759193801396 8.091283645645074
751 20.47860748041138 -3.5014271439077307 8.09367146237444
752 20.48484167628854 -3.5026770698996796 8.096056640656675
753 20.49106885012422 -3.5039257001573167 8.098439186663592
754 20.49728901865875 -3.5051730374724985 8.100819106544614
755 20.503502198570672 -3.5064190846276624 8.103196406426887
756 20.50970840647716 -3.5076638443958568 8.105571092415413
757 20.515907658934243 -3.5089073195407856 8.107943170593158
758 20.522099972437136 -3.510149512816867 8.110312647021159
759 20.528285363420565 -3.511390426969267 8.11267952773861
760 20.534463848259055 -3.512630064733935 8.115043818762995
761 20.540635443267224 -3.5138684288376645 8.117405526090174
762 20.546800164700052 -3.5151055219981138 8.119764655694505
763 20.552958028753235 -3.5163413469238742 8.122121213528953
764 20.559109051563414 -3.517575906314488 8.124475205525169
765 20.565253249208574 -3.5188092028605062 8.126826637593597
766 20.57139063770821 -3.520041239243522 8.129175515623613
767 20.57752123302366 -3.521272018136213 8.131521845483588
768 20.583645051058454 -3.5225015422023866 8.133865633021022
769 20.589762107658462 -3.523729814097022 8.1362068840626
770 20.59587241861235 -3.5249568364662998 8.138545604414341
771 20.60197599965168 -3.526182611947655 8.140881799861674
772 20.608072866451355 -3.5274071431698117 8.14321547616953
773 20.614163034629787 -3.5286304327528213 8.145546639082461
774 20.62024651974921 -3.5298524833081073 8.147875294324727
775 20.62632333731594 -3.531073297438498 8.150201447600388
776 20.632393502780694 -3.5322928777382723 8.152525104593405
777 20.6384570315388 -3.5335112267931925 8.15484627096774
778 20.64451393893052 -3.5347283471805495 8.157164952367472
779 20.650564240241266 -3.5359442414691986 8.15948115441685
780 20.656607950701904 -3.537158912219594 8.161794882720402
781 20.662645085488982 -3.5383723619838348 8.164106142863048
782 20.668675659725043 -3.5395845933056957 8.166414940410174
783 20.67469968847886 -3.5407956087206656 8.168721280907741
784 20.68071718676569 -3.5420054107559875 8.171025169882348
785 20.68672816954749 -3.5432140019306986 8.173326612841368
786 20.69273265173328 -3.54442138475566 8.175625615272994
787 20.6987306481793 -3.5456275617335997 8.177922182646352
788 20.70472217368936 -3.5468325353591394 8.180216320411605
789 20.71070724301495 -3.548036308118846 8.182508034000008
790 20.71668587085563 -3.549238882491256 8.184797328824041
791 20.72265807185921 -3.5504402609469174 8.187084210277442
792 20.728623860622008 -3.5516404459484208 8.189368683735358
793 20.734583251689052 -3.5528394399504366 8.191650754554349
794 20.740536259554446 -3.554037245399753 8.193930428072571
795 20.746482898661476 -3.5552338647353094 8.196207709609796
796 20.75242318340295 -3.5564293003882272 8.198482604467541
797 20.75835712812137 -3.5576235547818538 8.200755117929114
798 20.76428474710923 -3.5588166303317874 8.20302525525972
799 20.770206054609158 -3.5600085294459194 8.20529302170653
800 20.776121064814294 -3.561199254524458 8.207558422498787
801 20.782029791868396 -3.5623888079599735 8.20982146284788
802 20.787932249866138 -3.5635771921374264 8.212082147947427
803 20.793828452853315 -3.5647644094342 8.21434048297334
804 20.799718414827115 -3.565950462220137 8.216596473083946
805 20.80560214973627 -3.567135352857569 8.21885012342004
806 20.811479671481358 -3.5683190837013563 8.221101439104963
807 20.81735099391498 -3.5695016570989138 8.223350425244691
808 20.82321613084203 -3.5706830753902414 8.225597086927932
809 20.829075096019913 -3.571863340907963 8.227841429226151
810 20.834927903158682 -3.5730424559773635 8.230083457193725
811 20.84077456592137 -3.574220422916401 8.232323175867975
812 20.84661509792414 -3.5753972440357598 8.234560590269234
813 20.852449512736555 -3.576572921638874 8.236795705400962
814 20.85827782388172 -3.577747458021955 8.239028526249804
815 20.8641000448366 -3.5789208554740313 8.241259057785667
816 20.869916189032136 -3.5800931162769687 8.24348730496177
817 20.875726269853526 -3.581264242705512 8.245713272714779
818 20.881530300640364 -3.5824342370273086 8.247936965964827
819 20.88732829468695 -3.583603101502939 8.250158389615642
820 20.893120265242406 -3.5847708383859618 8.25237754855456
821 20.898906225510935 -3.5859374499229224 8.254594447652648
822 20.90468618865204 -3.587102938353391 8.256809091764765
823 20.910460167780663 -3.588267305910004 8.259021485729626
824 20.916228175967476 -3.5894305548184775 8.261231634369864
825 20.921990226239018 -3.5905926872976455 8.263439542492131
826 20.927746331577907 -3.5917537055594835 8.265645214887183
827 20.933496504923085 -3.592913611809149 8.26784865632988
828 20.93924075916998 -3.5940724082449984 8.270049871579332
829 20.94497910717068 -3.595230097058626 8.272248865378932
830 20.950711561734185 -3.5963866804348825 8.274445642456447
831 20.956438135626588 -3.5975421605519133 8.276640207524073
832 20.96215884157121 -3.59869653958118 8.278832565278487
833 20.967873692248922 -3.599849819687492 8.281022720400973
834 20.97358270029823 -3.6010020030290355 8.283210677557431
835 20.979285878315455 -3.6021530917573994 8.285396441398488
836 20.984983238855023 -3.6033030880176056 8.28758001655953
837 20.990674794429584 -3.6044519939481305 8.289761407660805
838 20.9963605575102 -3.605599811680944 8.291940619307475
839 21.00204054052656 -3.6067465433415276 8.294117656089652
840 21.007714755867163 -3.607892191048902 8.296292522582526
841 21.01338321587947 -3.6090367569156574 8.298465223346387
842 21.019045932870142 -3.6101802430479832 8.300635762926726
843 21.024702919105163 -3.611322651545685 8.302804145854228
844 21.030354186810058 -3.6124639845022215 8.304970376644937
845 21.03599974817007 -3.6136042440047267 8.307134459800228
846 21.041639615330364 -3.614743432134037 8.30929639980695
847 21.047273800396173 -3.615881550964718 8.311456201137444
848 21.05290231543294 -3.6170186025650906 8.313613868249606
849 21.058525172466613 -3.6181545889972515 8.315769405586968
850 21.06414238348368 -3.6192895123171054 8.317922817578753
851 21.06975396043145 -3.620423374574393 8.320074108639952
852 21.075359915218186 -3.621556177812709 8.32222328317135
853 21.08096025971324 -3.622687924069533 8.324370345559617
854 21.08655500574732 -3.6238186153762513 8.326515300177375
855 21.092144165112593 -3.6249482537581836 8.32865815138324
856 21.097727749562853 -3.6260768412346103 8.330798903521877
857 21.10330577081373 -3.627204379818794 8.33293756092411
858 21.10887824054279 -3.6283308715180063 8.33507412790692
859 21.114445170389818 -3.629456318333551 8.337208608773528
860 21.120006571956825 -3.630580722260787 8.339341007813468
861 21.125562456808392 -3.63170408528916 8.341471329302653
862 21.131112836471694 -3.632826409402217 8.343599577503374
863 21.136657722436716 -3.6339476965776387 8.345725756664425
864 21.142197126156443 -3.635067948787257 8.347849871021161
865 21.147731059046954 -3.636187167997084 8.3499719247955
866 21.153259532487656 -3.6373053561673303 8.352091922196026
867 21.158782557821386 -3.638422515252435 8.354209867418037
868 21.16430014635462 -3.639538647201086 8.356325764643586
869 21.16981230935759 -3.640653753956245 8.358439618041553
870 21.175319058064442 -3.64176783745516 8.360551431767727
871 21.180820403673476 -3.642880899629412 8.362661209964804
872 21.186316357347145 -3.643992942404909 8.364768956762475
873 21.191806930212355 -3.645103967701934 8.366874676277499
874 21.19729213336054 -3.6462139774351514 8.368978372613723
875 21.202771977847842 -3.6473229735136385 8.37108004986215
876 21.208246474695265 -3.648430957840903 8.37317971210101
877 21.21371563488883 -3.649537932314907 8.375277363395774
878 21.2191794693797 -3.6506438988280925 8.377373007799267
879 21.224637989084385 -3.651748859267397 8.379466649351686
880 21.230091204884776 -3.6528528155142843 8.38155829208063
881 21.235539127628442 -3.6539557694447558 8.383647940001211
882 21.240981768128698 -3.6550577229293797 8.385735597116048
883 21.246419137164725 -3.656158677833316 8.38782126741537
884 21.25185124548177 -3.6572586360163264 8.38990495487703
885 21.257278103791272 -3.6583575993328057 8.391986663466579
886 21.262699722771025 -3.6594555696318 8.394066397137317
887 21.268116113065247 -3.6605525487570247 8.39614415983033
888 21.273527285284832 -3.6616485385468946 8.398219955474557
889 21.27893325000742 -3.6627435408345344 8.400293787986827
890 21.284334017777564 -3.6638375574478084 8.402365661271928
891 21.289729599106845 -3.664930590209337 8.404435579222634
892 21.29512000447404 -3.666022640936513 8.406503545719758
893 21.30050524432525 -3.6671137114415355 8.40856956463224
894 21.305885329074055 -3.668203803531413 8.41063363981715
895 21.31126026910161 -3.6692929190080004 8.412695775119753
896 21.316630074756816 -3.670381059668008 8.41475597437357
897 21.321994756356453 -3.6714682273030292 8.416814241400411
898 21.32735432418531 -3.6725544236995527 8.418870580010434
899 21.332708788496284 -3.6736396506389877 8.420924994002172
900 21.338058159510602 -3.6747239098976836 8.422977487162623
901 21.343402447417898 -3.675807203246952 8.425028063267263
902 21.348741662376312 -3.6768895324530804 8.427076726080093
903 21.35407581451268 -3.6779708992773545 8.429123479353702
904 21.35940491392263 -3.679051305476082 8.43116832682932
905 21.36472897067075 -3.6801307528006038 8.433211272236841
906 21.37004799479066 -3.6812092429973204 8.435252319294884
907 21.37536199628521 -3.6822867778077084 8.437291471710829
908 21.380670985126525 -3.6833633589683368 8.439328733180893
909 21.38597497125625 -3.6844389882108914 8.441364107390138
910 21.39127396458555 -3.6855136672621933 8.44339759801254
911 21.396567974995293 -3.6865873978442116 8.44542920871102
912 21.401857012336226 -3.687660181674089 8.447458943137505
913 21.40714108642901 -3.688732020464159 8.449486804932956
914 21.412420207064397 -3.689802915921959 8.451512797727428
915 21.417694384003333 -3.6908728697502555 8.453536925140103
916 21.42296362697709 -3.691941883647061 8.455559190779331
917 21.428227945687407 -3.6930099593056487 8.4575795982427
918 21.433487349806562 -3.6940770984145725 8.459598151117047
919 21.43874184897753 -3.6951433026576916 8.46161485297853
920 21.44399145281411 -3.6962085737141774 8.463629707392618
921 21.44923617090102 -3.697272913258537 8.465642717914227
922 21.454476012794082 -3.698336322960633 8.46765388808767
923 21.459710988020184 -3.6993988044857 8.469663221446774
924 21.464941106077614 -3.700460359494356 8.471670721514856
925 21.47016637643595 -3.701520989642632 8.473676391804801
926 21.475386808536378 -3.702580696581978 8.475680235819109
927 21.480602411791665 -3.7036394819592866 8.477682257049917
928 21.48581319558636 -3.704697347416915 8.479682458979074
929 21.491019169276907 -3.7057542945926847 8.481680845078118
930 21.496220342191684 -3.7068103251199185 8.48367741880839
931 21.501416723631177 -3.7078654406274474 8.485672183621041
932 21.506608322868093 -3.7089196427396267 8.487665142957065
933 21.511795149147424 -3.709972933076359 8.489656300247358
934 21.516977211686655 -3.7110253132531077 8.491645658912736
935 21.522154519675762 -3.712076784880911 8.493633222363998
936 21.527327082277434 -3.7131273495663977 8.495618994001962
937 21.53249490862705 -3.7141770089118187 8.497602977217493
938 21.53765800783293 -3.715225764515043 8.499585175391557
939 21.54281638897637 -3.7162736179695894 8.50156559189524
940 21.547970061111727 -3.7173205708646293 8.503544230089805
941 21.5531190332666 -3.718366624785016 8.505521093326713
942 21.558263314441852 -3.719411781311293 8.507496184947694
943 21.563402913611803 -3.7204560420197126 8.509469508284756
944 21.568537839724268 -3.7214994084822526 8.511441066660247
945 21.573668101700726 -3.7225418822666287 8.513410863386863
946 21.578793708436372 -3.723583464936317 8.515378901767697
947 21.583914668800247 -3.7246241580505606 8.517345185096287
948 21.58903099163529 -3.7256639631643957 8.519309716656668
949 21.594142685758566 -3.726702881828659 8.521272499723366
950 21.59924975996122 -3.727740915590005 8.523233537561458
951 21.604352223008704 -3.728778065990927 8.525192833426646
952 21.609450083640798 -3.7298143345697663 8.52715039056521
953 21.614543350571754 -3.730849722860727 8.529106212214117
954 21.619632032490358 -3.7318842323939 8.53106030160102
955 21.624716138060077 -3.732917864695268 8.53301266194433
956 21.62979567591914 -3.7339506212867226 8.534963296453213
957 21.634870654680615 -3.7349825036860844 8.536912208327658
958 21.63994108293256 -3.736013513407115 8.53885940075846
959 21.645006969238068 -3.7370436519595303 8.540804876927327
960 21.650068322135404 -3.7380729208490213 8.54274864000688
961 21.655125150138062 -3.739101321577261 8.54469069316067
962 21.66017746173488 -3.7401288556419185 8.546631039543247
963 21.665225265390184 -3.741155524536686 8.548569682300172
964 21.670268569543854 -3.742181329751283 8.550506624568083
965 21.67530738261135 -3.743206272771471 8.552441869474674
966 21.680341712983928 -3.74423035507907 8.554375420138784
967 21.685371569028597 -3.745253578151975 8.556307279670397
968 21.690396959088375 -3.7462759434641653 8.558237451170687
969 21.695417891482254 -3.7472974524857197 8.560165937732053
970 21.700434374505342 -3.7483181066828406 8.562092742438177
971 21.705446416428963 -3.7493379075178526 8.564017868364001
972 21.71045402550073 -3.7503568564492267 8.565941318575819
973 21.715457209944628 -3.7513749549315896 8.567863096131266
974 21.720455977961176 -3.7523922044157447 8.569783204079375
975 21.725450337727416 -3.753408606348674 8.571701645460598
976 21.730440297397063 -3.7544241621735632 8.573618423306854
977 21.735425865100595 -3.7554388733298083 8.575533540641565
978 21.74040704894534 -3.7564527412530335 8.577447000479644
979 21.745383857015533 -3.757465767375103 8.579358805827571
980 21.750356297372473 -3.758477953124136 8.581268959683426
981 21.755324378054524 -3.7594892999245113 8.583177465036888
982 21.76028810707727 -3.760499809196899 8.58508432486932
983 21.76524749243358 -3.761509482358253 8.58698954215373
984 21.770202542093696 -3.7625183208218433 8.58889311985485
985 21.77515326400531 -3.7635263259972547 8.590795060929183
986 21.78009966609369 -3.7645334992904016 8.592695368324968
987 21.78504175626172 -3.765539842103554 8.594594044982287
988 21.78997954238999 -3.766545355835335 8.596491093833027
989 21.79491303233694 -3.767550041880742 8.598386517800982
990 21.79984223393881 -3.768553901631161 8.60028031980183
991 21.804767155009884 -3.769556936474372 8.602172502743159
992 21.80968780334251 -3.7705591477945672 8.604063069524546
993 21.814604186707122 -3.771560536972362 8.605952023037547
994 21.819516312852425 -3.7725611053848085 8.607839366165749
995 21.824424189505393 -3.77356085440541 8.609725101784772
996 21.829327824371425 -3.7745597854041284 8.611609232762333
997 21.83422722513437 -3.775557899747404 8.613491761958244
998 21.839122399456624 -3.7765551987981585 8.615372692224469
999 21.84401335497923 -3.777551683915814 8.617252026405144
