p01.png 0 0.4588235294117647 0.23529411764705882 0.43137254901960786 0.6549019607843137 0.590754357298476 0.015994055918663784
p02.png 0 0.49019607843137253 0.22745098039215686 0.4117647058823529 0.7019607843137254 0.61247276688453 0.025608982389252036
p03.png 0 0.4235294117647059 0.20784313725490197 0.30196078431372547 0.6196078431372549 0.5442878540305018 0.01897627587145969
p04.png 0 0.4666666666666667 0.2 0.3254901960784314 0.6666666666666666 0.5956290849673193 0.022056993010167045
p05.png 0 0.43137254901960786 0.16862745098039217 0.29411764705882354 0.6666666666666666 0.5615944989106755 0.026773596132897592
p06.png 0 0.4627450980392157 0.20784313725490197 0.35294117647058826 0.6666666666666666 0.5901484204793018 0.019248335148874363
p07.png 0 0.3686274509803922 0.17254901960784313 0.4 0.6470588235294118 0.5578431372549012 0.03133324936456066
p08.png 0 0.30980392156862746 0.1568627450980392 0.37254901960784315 0.6745098039215687 0.5747344771241822 0.039215091230936826
p09.png 0 0.4235294117647059 0.16470588235294117 0.28627450980392155 0.6235294117647059 0.5524441721132898 0.027879968228031966
p10.png 0 0.45098039215686275 0.17647058823529413 0.4549019607843137 0.6862745098039216 0.6094430827886708 0.026029094045025444
p11.png 0 0.3568627450980392 0.19607843137254902 0.36470588235294116 0.611764705882353 0.5128608387799567 0.02745666802832244
p12.png 0 0.4470588235294118 0.16862745098039217 0.44313725490196076 0.7137254901960784 0.6011233660130715 0.03645778050108935
p13.png 0 0.44313725490196076 0.23921568627450981 0.3568627450980392 0.7137254901960784 0.6217320261437902 0.023517469589687746
p14.png 0 0.39215686274509803 0.2196078431372549 0.4745098039215686 0.6705882352941176 0.5836056644880172 0.02584022331154687
p15.png 0 0.4980392156862745 0.24313725490196078 0.43137254901960786 0.6705882352941176 0.5940563725490189 0.019375602759622385
p16.png 0 0.44313725490196076 0.23137254901960785 0.3176470588235294 0.6078431372549019 0.552130991285403 0.023550105755265095
p17.png 0 0.396078431372549 0.1411764705882353 0.34901960784313724 0.6039215686274509 0.5399509803921558 0.021906271332607145
p18.png 0 0.39215686274509803 0.15294117647058825 0.2901960784313726 0.6078431372549019 0.5302900326797383 0.0291561265432099
p19.png 0 0.3803921568627451 0.14901960784313725 0.23137254901960785 0.596078431372549 0.502968409586056 0.02436679511619464
p20.png 0 0.42745098039215684 0.24313725490196078 0.30196078431372547 0.6549019607843137 0.5688044662309365 0.01758006762890344
p21.png 0 0.37254901960784315 0.1450980392156863 0.396078431372549 0.6470588235294118 0.5605528322440086 0.029528733660130726
p22.png 0 0.403921568627451 0.21568627450980393 0.4392156862745098 0.6196078431372549 0.5460580065359475 0.03078289987291213
p23.png 0 0.4588235294117647 0.18823529411764706 0.3411764705882353 0.6784313725490196 0.5498025599128545 0.03225067538126361
p24.png 0 0.3058823529411765 0.12156862745098039 0.23921568627450981 0.6 0.5126293572984749 0.04111600853304284
p25.png 0 0.44313725490196076 0.16862745098039217 0.27058823529411763 0.6666666666666666 0.5698120915032676 0.022307324800290507
p26.png 0 0.33725490196078434 0.1450980392156863 0.48627450980392156 0.6196078431372549 0.5234409041394343 0.02819914034132173
p27.png 0 0.3568627450980392 0.10980392156862745 0.30980392156862746 0.6352941176470588 0.5332107843137253 0.0374909940087146
p28.png 0 0.3176470588235294 0.18823529411764706 0.36470588235294116 0.6078431372549019 0.47820669934640503 0.02901105619099492
p29.png 0 0.4588235294117647 0.14901960784313725 0.26666666666666666 0.6549019607843137 0.5605528322440079 0.024745220588235303
p30.png 0 0.403921568627451 0.21568627450980393 0.3686274509803922 0.6627450980392157 0.5826729302832246 0.029905271423384196
n01.png 1 0.3686274509803922 0.3568627450980392 0.5098039215686274 0.5450980392156862 0.4422589869281046 0.00840629765795207
n02.png 1 0.3764705882352941 0.37254901960784315 0.49019607843137253 0.5764705882352941 0.4697712418300657 0.010481614015976774
n03.png 1 0.3254901960784314 0.30980392156862746 0.4235294117647059 0.5019607843137255 0.4258714596949892 0.01105012890341321
n04.png 1 0.42745098039215684 0.47058823529411764 0.6039215686274509 0.5882352941176471 0.5161560457516343 0.010109027323892534
n05.png 1 0.44313725490196076 0.4627450980392157 0.6039215686274509 0.596078431372549 0.5215550108932466 0.009486305827886723
n06.png 1 0.44313725490196076 0.2196078431372549 0.4117647058823529 0.6313725490196078 0.5183483115468414 0.01583003404139434
n07.png 1 0.3254901960784314 0.36470588235294116 0.5450980392156862 0.5411764705882353 0.4594498910675383 0.011061767429193901
n08.png 1 0.4666666666666667 0.5294117647058824 0.6588235294117647 0.6431372549019608 0.574278322440086 0.009316261801016724
n09.png 1 0.4549019607843137 0.5019607843137255 0.6392156862745098 0.6078431372549019 0.5382352941176465 0.009167302559912875
n10.png 1 0.34509803921568627 0.3686274509803922 0.5568627450980392 0.611764705882353 0.4943218954248365 0.014697017973856225
n11.png 1 0.4588235294117647 0.47058823529411764 0.6196078431372549 0.6549019607843137 0.5711601307189542 0.012569167574437205
n12.png 1 0.40784313725490196 0.4235294117647059 0.5843137254901961 0.5607843137254902 0.48762935729847456 0.009376770606390706
n13.png 1 0.36470588235294116 0.3764705882352941 0.49019607843137253 0.5215686274509804 0.4555215141612202 0.007992803195352215
n14.png 1 0.5176470588235295 0.5450980392156862 0.6588235294117647 0.6705882352941176 0.6027913943355117 0.008166643518518533
n15.png 1 0.3176470588235294 0.32941176470588235 0.5058823529411764 0.5450980392156862 0.44648692810457546 0.011726746096586782
n16.png 1 0.3764705882352941 0.3686274509803922 0.5137254901960784 0.6470588235294118 0.5245302287581695 0.01447469952795935
n17.png 1 0.4117647058823529 0.41568627450980394 0.5686274509803921 0.5686274509803921 0.47958197167755984 0.008528142247639807
n18.png 1 0.40784313725490196 0.39215686274509803 0.5725490196078431 0.6039215686274509 0.48357162309368185 0.011775866920842428
n19.png 1 0.396078431372549 0.3843137254901961 0.5333333333333333 0.5372549019607843 0.4677491830065359 0.00872037717864925
n20.png 1 0.4196078431372549 0.4392156862745098 0.5803921568627451 0.5686274509803921 0.4978690087145973 0.008522269426289048
n21.png 1 0.3568627450980392 0.3254901960784314 0.4823529411764706 0.5843137254901961 0.4443355119825708 0.010261144698620182
n22.png 1 0.3411764705882353 0.3176470588235294 0.4588235294117647 0.6039215686274509 0.4336669389978213 0.01482215277777778
n23.png 1 0.49411764705882355 0.5490196078431373 0.6352941176470588 0.6352941176470588 0.5797589869281039 0.009274704520697185
n24.png 1 0.42745098039215684 0.42745098039215684 0.5803921568627451 0.5333333333333333 0.4880514705882356 0.007457665214233859
n25.png 1 0.3607843137254902 0.3607843137254902 0.5333333333333333 0.5686274509803921 0.4600013616557735 0.010553403685548295
n26.png 1 0.41568627450980394 0.4 0.5254901960784314 0.611764705882353 0.5224809368191718 0.010942642973856215
n27.png 1 0.4117647058823529 0.41568627450980394 0.5450980392156862 0.5372549019607843 0.47573529411764665 0.0080029765795207
n28.png 1 0.3254901960784314 0.3215686274509804 0.49411764705882355 0.47843137254901963 0.41146514161220055 0.01028060230573711
n29.png 1 0.4627450980392157 0.42745098039215684 0.5529411764705883 0.6823529411764706 0.5695533769063181 0.013918731844589709
n30.png 1 0.5137254901960784 0.4470588235294118 0.5764705882352941 0.6862745098039216 0.6191653050108926 0.012158859386347153
