p01.png 0 0.23529411764705882 0.788235294117647 0.5890114379084957 0.590754357298476 0.4588235294117647 0.43137254901960786 0.7074074074074063 0.6549019607843137 0.6901960784313725
p02.png 0 0.22745098039215686 0.8470588235294118 0.6026279956427021 0.61247276688453 0.49019607843137253 0.4117647058823529 0.7355460239651415 0.7019607843137254 0.7411764705882353
p03.png 0 0.20784313725490197 0.7450980392156863 0.543899782135076 0.5442878540305018 0.4235294117647059 0.30196078431372547 0.645023148148147 0.6196078431372549 0.6705882352941176
p04.png 0 0.2 0.8509803921568627 0.6020152505446612 0.5956290849673193 0.4666666666666667 0.3254901960784314 0.7411015795206969 0.6666666666666666 0.7490196078431373
p05.png 0 0.16862745098039217 0.807843137254902 0.5318150871459696 0.5615944989106755 0.43137254901960786 0.29411764705882354 0.6769675925925923 0.6666666666666666 0.6705882352941176
p06.png 0 0.20784313725490197 0.8274509803921568 0.5864787581699343 0.5901484204793018 0.4627450980392157 0.35294117647058826 0.7237064270152489 0.6666666666666666 0.7058823529411765
p07.png 0 0.17254901960784313 0.8156862745098039 0.5585103485838777 0.5578431372549012 0.3686274509803922 0.4 0.6946010348583873 0.6470588235294118 0.7254901960784313
p08.png 0 0.1568627450980392 0.8274509803921568 0.5693150871459689 0.5747344771241822 0.30980392156862746 0.37254901960784315 0.7101783769063174 0.6745098039215687 0.7490196078431373
p09.png 0 0.16470588235294117 0.7529411764705882 0.5174360021786494 0.5524441721132898 0.4235294117647059 0.28627450980392155 0.636560457516339 0.6235294117647059 0.6784313725490196
p10.png 0 0.17647058823529413 0.8470588235294118 0.600013616557733 0.6094430827886708 0.45098039215686275 0.4549019607843137 0.7459831154684089 0.6862745098039216 0.7333333333333333
p11.png 0 0.19607843137254902 0.7607843137254902 0.48391884531590457 0.5128608387799567 0.3568627450980392 0.36470588235294116 0.6261982570806102 0.611764705882353 0.6705882352941176
p12.png 0 0.16862745098039217 0.8745098039215686 0.5979370915032679 0.6011233660130715 0.4470588235294118 0.44313725490196076 0.7523897058823531 0.7137254901960784 0.7803921568627451
p13.png 0 0.23921568627450981 0.8705882352941177 0.5957039760348577 0.6217320261437902 0.44313725490196076 0.3568627450980392 0.7467252178649231 0.7137254901960784 0.7647058823529411
p14.png 0 0.2196078431372549 0.8313725490196079 0.5593818082788666 0.5836056644880172 0.39215686274509803 0.4745098039215686 0.7177083333333323 0.6705882352941176 0.7294117647058823
p15.png 0 0.24313725490196078 0.8235294117647058 0.5856889978213504 0.5940563725490189 0.4980392156862745 0.43137254901960786 0.721425653594771 0.6705882352941176 0.7137254901960784
p16.png 0 0.23137254901960785 0.803921568627451 0.571493736383442 0.552130991285403 0.44313725490196076 0.3176470588235294 0.6986791938997808 0.6078431372549019 0.6901960784313725
p17.png 0 0.1411764705882353 0.7803921568627451 0.5543572984749453 0.5399509803921558 0.396078431372549 0.34901960784313724 0.685450708061001 0.6039215686274509 0.6823529411764706
p18.png 0 0.15294117647058825 0.796078431372549 0.5398488562091492 0.5302900326797383 0.39215686274509803 0.2901960784313726 0.6681032135076252 0.6078431372549019 0.6862745098039216
p19.png 0 0.14901960784313725 0.7607843137254902 0.5279003267973855 0.502968409586056 0.3803921568627451 0.23137254901960785 0.6308959694989101 0.596078431372549 0.6705882352941176
p20.png 0 0.24313725490196078 0.8156862745098039 0.5535743464052283 0.5688044662309365 0.42745098039215684 0.30196078431372547 0.6946214596949883 0.6549019607843137 0.6941176470588235
p21.png 0 0.1450980392156863 0.8745098039215686 0.5732366557734205 0.5605528322440086 0.37254901960784315 0.396078431372549 0.7220996732026136 0.6470588235294118 0.7411764705882353
p22.png 0 0.21568627450980393 0.8274509803921568 0.5455065359477124 0.5460580065359475 0.403921568627451 0.4392156862745098 0.687847222222222 0.6196078431372549 0.6980392156862745
p23.png 0 0.18823529411764706 0.8156862745098039 0.5132080610021781 0.5498025599128545 0.4588235294117647 0.3411764705882353 0.6724605119825698 0.6784313725490196 0.6784313725490196
p24.png 0 0.12156862745098039 0.8313725490196079 0.44136029411764777 0.5126293572984749 0.3058823529411765 0.23921568627450981 0.6472290305010894 0.6 0.6313725490196078
p25.png 0 0.16862745098039217 0.8745098039215686 0.4979234749455338 0.5698120915032676 0.44313725490196076 0.27058823529411763 0.6995438453159037 0.6666666666666666 0.6901960784313725
p26.png 0 0.1450980392156863 0.8156862745098039 0.4945465686274513 0.5234409041394343 0.33725490196078434 0.48627450980392156 0.678622004357298 0.6196078431372549 0.6705882352941176
p27.png 0 0.10980392156862745 0.8313725490196079 0.5050585511982572 0.5332107843137253 0.3568627450980392 0.30980392156862746 0.6623978758169924 0.6352941176470588 0.7058823529411765
p28.png 0 0.18823529411764706 0.7725490196078432 0.42404003267973855 0.47820669934640503 0.3176470588235294 0.36470588235294116 0.551136982570806 0.6078431372549019 0.6392156862745098
p29.png 0 0.14901960784313725 0.8549019607843137 0.5574959150326797 0.5605528322440079 0.4588235294117647 0.26666666666666666 0.713793572984749 0.6549019607843137 0.7137254901960784
p30.png 0 0.21568627450980393 0.8666666666666667 0.5913126361655769 0.5826729302832246 0.403921568627451 0.3686274509803922 0.7317810457516333 0.6627450980392157 0.7568627450980392
n01.png 1 0.3568627450980392 0.6470588235294118 0.4185593681917214 0.4422589869281046 0.3686274509803922 0.5098039215686274 0.5705337690631803 0.5450980392156862 0.5176470588235295
n02.png 1 0.37254901960784315 0.7686274509803922 0.46779003267973907 0.4697712418300657 0.3764705882352941 0.49019607843137253 0.6125408496732025 0.5764705882352941 0.6039215686274509
n03.png 1 0.30980392156862746 0.6784313725490196 0.39815495642701587 0.4258714596949892 0.3254901960784314 0.4235294117647059 0.5364038671023964 0.5019607843137255 0.5529411764705883
n04.png 1 0.47058823529411764 0.7490196078431373 0.5311887254901957 0.5161560457516343 0.42745098039215684 0.6039215686274509 0.6644335511982553 0.5882352941176471 0.615686274509804
n05.png 1 0.4627450980392157 0.7411764705882353 0.5361996187363828 0.5215550108932466 0.44313725490196076 0.6039215686274509 0.6753540305010894 0.596078431372549 0.6039215686274509
n06.png 1 0.2196078431372549 0.7568627450980392 0.45110294117647093 0.5183483115468414 0.44313725490196076 0.4117647058823529 0.6444172113289751 0.6313725490196078 0.6
n07.png 1 0.36470588235294116 0.7176470588235294 0.4595996732026145 0.4594498910675383 0.3254901960784314 0.5450980392156862 0.631229575163399 0.5411764705882353 0.5568627450980392
n08.png 1 0.5294117647058824 0.7803921568627451 0.6215073529411755 0.574278322440086 0.4666666666666667 0.6588235294117647 0.720765250544663 0.6431372549019608 0.6862745098039216
n09.png 1 0.5019607843137255 0.7490196078431373 0.5714324618736385 0.5382352941176465 0.4549019607843137 0.6392156862745098 0.6911083877995653 0.6078431372549019 0.6352941176470588
n10.png 1 0.3686274509803922 0.7764705882352941 0.4913466775599129 0.4943218954248365 0.34509803921568627 0.5568627450980392 0.6788739106753803 0.611764705882353 0.6274509803921569
n11.png 1 0.47058823529411764 0.8117647058823529 0.6062023420479288 0.5711601307189542 0.4588235294117647 0.6196078431372549 0.7338575708060984 0.6549019607843137 0.6784313725490196
n12.png 1 0.4235294117647059 0.7098039215686275 0.4887322984749452 0.48762935729847456 0.40784313725490196 0.5843137254901961 0.6403390522875818 0.5607843137254902 0.5607843137254902
n13.png 1 0.3764705882352941 0.6470588235294118 0.4343545751633991 0.4555215141612202 0.36470588235294116 0.49019607843137253 0.5822712418300653 0.5215686274509804 0.4823529411764706
n14.png 1 0.5450980392156862 0.8117647058823529 0.6410743464052263 0.6027913943355117 0.5176470588235295 0.6588235294117647 0.7588779956427004 0.6705882352941176 0.6823529411764706
n15.png 1 0.32941176470588235 0.6980392156862745 0.4176947167755991 0.44648692810457546 0.3176470588235294 0.5058823529411764 0.6090345860566448 0.5450980392156862 0.5058823529411764
n16.png 1 0.3686274509803922 0.7647058823529411 0.5377995642701517 0.5245302287581695 0.3764705882352941 0.5137254901960784 0.6636982570806103 0.6470588235294118 0.6588235294117647
n17.png 1 0.41568627450980394 0.6941176470588235 0.4753131808278855 0.47958197167755984 0.4117647058823529 0.5686274509803921 0.622794117647059 0.5686274509803921 0.5725490196078431
n18.png 1 0.39215686274509803 0.7607843137254902 0.4746663943355117 0.48357162309368185 0.40784313725490196 0.5725490196078431 0.6531113834422665 0.6039215686274509 0.6
n19.png 1 0.3843137254901961 0.6823529411764706 0.4508714596949884 0.4677491830065359 0.396078431372549 0.5333333333333333 0.6080610021786482 0.5372549019607843 0.5254901960784314
n20.png 1 0.4392156862745098 0.6941176470588235 0.5008578431372543 0.4978690087145973 0.4196078431372549 0.5803921568627451 0.640543300653595 0.5686274509803921 0.5568627450980392
n21.png 1 0.3254901960784314 0.7372549019607844 0.4135280501089327 0.4443355119825708 0.3568627450980392 0.4823529411764706 0.5678581154684099 0.5843137254901961 0.596078431372549
n22.png 1 0.3176470588235294 0.7450980392156863 0.3948188997821353 0.4336669389978213 0.3411764705882353 0.4588235294117647 0.5381672113289766 0.6039215686274509 0.6313725490196078
n23.png 1 0.5490196078431373 0.7725490196078432 0.6227805010893244 0.5797589869281039 0.49411764705882355 0.6352941176470588 0.7144948257080618 0.6352941176470588 0.6823529411764706
n24.png 1 0.42745098039215684 0.6823529411764706 0.48673066448801783 0.4880514705882356 0.42745098039215684 0.5803921568627451 0.6304874727668827 0.5333333333333333 0.5411764705882353
n25.png 1 0.3607843137254902 0.7019607843137254 0.4469703159041392 0.4600013616557735 0.3607843137254902 0.5333333333333333 0.6171228213507615 0.5686274509803921 0.5372549019607843
n26.png 1 0.4 0.7803921568627451 0.48692810457516317 0.5224809368191718 0.41568627450980394 0.5254901960784314 0.6196282679738546 0.611764705882353 0.6392156862745098
n27.png 1 0.41568627450980394 0.6705882352941176 0.47597358387799577 0.47573529411764665 0.4117647058823529 0.5450980392156862 0.6094362745098036 0.5372549019607843 0.5372549019607843
n28.png 1 0.3215686274509804 0.6705882352941176 0.394117647058824 0.41146514161220055 0.3254901960784314 0.49411764705882355 0.5770833333333322 0.47843137254901963 0.4666666666666667
n29.png 1 0.42745098039215684 0.796078431372549 0.5643858932461874 0.5695533769063181 0.4627450980392157 0.5529411764705883 0.6883510348583869 0.6823529411764706 0.6941176470588235
n30.png 1 0.4470588235294118 0.807843137254902 0.6602600762527232 0.6191653050108926 0.5137254901960784 0.5764705882352941 0.759477124183004 0.6862745098039216 0.7098039215686275
