p01.png 0 0.4588235294117647 0.23529411764705882 0.43137254901960786 0.008680555555555556
p02.png 0 0.49019607843137253 0.22745098039215686 0.4117647058823529 0.015625
p03.png 0 0.4235294117647059 0.20784313725490197 0.30196078431372547 0.005208333333333333
p04.png 0 0.4666666666666667 0.2 0.3254901960784314 0.01215277777777778
p05.png 0 0.43137254901960786 0.16862745098039217 0.29411764705882354 0.01041666666666667
p06.png 0 0.4627450980392157 0.20784313725490197 0.35294117647058826 0.008680555555555556
p07.png 0 0.3686274509803922 0.17254901960784313 0.4 0.02430555555555556
p08.png 0 0.30980392156862746 0.1568627450980392 0.37254901960784315 0.03819444444444444
p09.png 0 0.4235294117647059 0.16470588235294117 0.28627450980392155 0.008680555555555556
p10.png 0 0.45098039215686275 0.17647058823529413 0.4549019607843137 0.01736111111111111
p11.png 0 0.3568627450980392 0.19607843137254902 0.36470588235294116 0.01041666666666667
p12.png 0 0.4470588235294118 0.16862745098039217 0.44313725490196076 0.02604166666666667
p13.png 0 0.44313725490196076 0.23921568627450981 0.3568627450980392 0.008680555555555556
p14.png 0 0.39215686274509803 0.2196078431372549 0.4745098039215686 0.005208333333333333
p15.png 0 0.4980392156862745 0.24313725490196078 0.43137254901960786 0.006944444444444444
p16.png 0 0.44313725490196076 0.23137254901960785 0.3176470588235294 0.008680555555555556
p17.png 0 0.396078431372549 0.1411764705882353 0.34901960784313724 0.01736111111111111
p18.png 0 0.39215686274509803 0.15294117647058825 0.2901960784313726 0.015625
p19.png 0 0.3803921568627451 0.14901960784313725 0.23137254901960785 0.01041666666666667
p20.png 0 0.42745098039215684 0.24313725490196078 0.30196078431372547 0.003472222222222222
p21.png 0 0.37254901960784315 0.1450980392156863 0.396078431372549 0.02256944444444444
p22.png 0 0.403921568627451 0.21568627450980393 0.4392156862745098 0.02604166666666667
p23.png 0 0.4588235294117647 0.18823529411764706 0.3411764705882353 0.02604166666666667
p24.png 0 0.3058823529411765 0.12156862745098039 0.23921568627450981 0.04166666666666667
p25.png 0 0.44313725490196076 0.16862745098039217 0.27058823529411763 0.006944444444444444
p26.png 0 0.33725490196078434 0.1450980392156863 0.48627450980392156 0.01909722222222222
p27.png 0 0.3568627450980392 0.10980392156862745 0.30980392156862746 0.01388888888888889
p28.png 0 0.3176470588235294 0.18823529411764706 0.36470588235294116 0.0
p29.png 0 0.4588235294117647 0.14901960784313725 0.26666666666666666 0.015625
p30.png 0 0.403921568627451 0.21568627450980393 0.3686274509803922 0.01215277777777778
n01.png 1 0.3686274509803922 0.3568627450980392 0.5098039215686274 0.0
n02.png 1 0.3764705882352941 0.37254901960784315 0.49019607843137253 0.0
n03.png 1 0.3254901960784314 0.30980392156862746 0.4235294117647059 0.0
n04.png 1 0.42745098039215684 0.47058823529411764 0.6039215686274509 0.0
n05.png 1 0.44313725490196076 0.4627450980392157 0.6039215686274509 0.0
n06.png 1 0.44313725490196076 0.2196078431372549 0.4117647058823529 0.0
n07.png 1 0.3254901960784314 0.36470588235294116 0.5450980392156862 0.0
n08.png 1 0.4666666666666667 0.5294117647058824 0.6588235294117647 0.0
n09.png 1 0.4549019607843137 0.5019607843137255 0.6392156862745098 0.0
n10.png 1 0.34509803921568627 0.3686274509803922 0.5568627450980392 0.0
n11.png 1 0.4588235294117647 0.47058823529411764 0.6196078431372549 0.0
n12.png 1 0.40784313725490196 0.4235294117647059 0.5843137254901961 0.0
n13.png 1 0.36470588235294116 0.3764705882352941 0.49019607843137253 0.0
n14.png 1 0.5176470588235295 0.5450980392156862 0.6588235294117647 0.0
n15.png 1 0.3176470588235294 0.32941176470588235 0.5058823529411764 0.0
n16.png 1 0.3764705882352941 0.3686274509803922 0.5137254901960784 0.0
n17.png 1 0.4117647058823529 0.41568627450980394 0.5686274509803921 0.0
n18.png 1 0.40784313725490196 0.39215686274509803 0.5725490196078431 0.0
n19.png 1 0.396078431372549 0.3843137254901961 0.5333333333333333 0.0
n20.png 1 0.4196078431372549 0.4392156862745098 0.5803921568627451 0.0
n21.png 1 0.3568627450980392 0.3254901960784314 0.4823529411764706 0.0
n22.png 1 0.3411764705882353 0.3176470588235294 0.4588235294117647 0.0
n23.png 1 0.49411764705882355 0.5490196078431373 0.6352941176470588 0.0
n24.png 1 0.42745098039215684 0.42745098039215684 0.5803921568627451 0.0
n25.png 1 0.3607843137254902 0.3607843137254902 0.5333333333333333 0.0
n26.png 1 0.41568627450980394 0.4 0.5254901960784314 0.0
n27.png 1 0.4117647058823529 0.41568627450980394 0.5450980392156862 0.0
n28.png 1 0.3254901960784314 0.3215686274509804 0.49411764705882355 0.0
n29.png 1 0.4627450980392157 0.42745098039215684 0.5529411764705883 0.0
n30.png 1 0.5137254901960784 0.4470588235294118 0.5764705882352941 0.0
