p01.png 0 0.4588235294117647 0.590754357298476 0.23529411764705882 0.5890114379084957 0.43137254901960786 7.704019108541634
p02.png 0 0.49019607843137253 0.61247276688453 0.22745098039215686 0.6026279956427021 0.4117647058823529 16.95040016322337
p03.png 0 0.4235294117647059 0.5442878540305018 0.20784313725490197 0.543899782135076 0.30196078431372547 9.296679548184859
p04.png 0 0.4666666666666667 0.5956290849673193 0.2 0.6020152505446612 0.3254901960784314 14.861183082688799
p05.png 0 0.43137254901960786 0.5615944989106755 0.16862745098039217 0.5318150871459696 0.29411764705882354 15.590007737222287
p06.png 0 0.4627450980392157 0.5901484204793018 0.20784313725490197 0.5864787581699343 0.35294117647058826 12.966755919878828
p07.png 0 0.3686274509803922 0.5578431372549012 0.17254901960784313 0.5585103485838777 0.4 22.938659875724714
p08.png 0 0.30980392156862746 0.5747344771241822 0.1568627450980392 0.5693150871459689 0.37254901960784315 30.812416702925365
p09.png 0 0.4235294117647059 0.5524441721132898 0.16470588235294117 0.5174360021786494 0.28627450980392155 18.30655974925582
p10.png 0 0.45098039215686275 0.6094430827886708 0.17647058823529413 0.600013616557733 0.4549019607843137 20.44273292208536
p11.png 0 0.3568627450980392 0.5128608387799567 0.19607843137254902 0.48391884531590457 0.36470588235294116 11.216988845755926
p12.png 0 0.4470588235294118 0.6011233660130715 0.16862745098039217 0.5979370915032679 0.44313725490196076 30.635524645076824
p13.png 0 0.44313725490196076 0.6217320261437902 0.23921568627450981 0.5957039760348577 0.3568627450980392 10.13613374311974
p14.png 0 0.39215686274509803 0.5836056644880172 0.2196078431372549 0.5593818082788666 0.4745098039215686 12.58783752922047
p15.png 0 0.4980392156862745 0.5940563725490189 0.24313725490196078 0.5856889978213504 0.43137254901960786 8.390066888898732
p16.png 0 0.44313725490196076 0.552130991285403 0.23137254901960785 0.571493736383442 0.3176470588235294 13.488211856454573
p17.png 0 0.396078431372549 0.5399509803921558 0.1411764705882353 0.5543572984749453 0.34901960784313724 14.727224232867371
p18.png 0 0.39215686274509803 0.5302900326797383 0.15294117647058825 0.5398488562091492 0.2901960784313726 18.611661626523315
p19.png 0 0.3803921568627451 0.502968409586056 0.14901960784313725 0.5279003267973855 0.23137254901960785 18.16156922673743
p20.png 0 0.42745098039215684 0.5688044662309365 0.24313725490196078 0.5535743464052283 0.30196078431372547 7.670367671283348
p21.png 0 0.37254901960784315 0.5605528322440086 0.1450980392156863 0.5732366557734205 0.396078431372549 22.920365700272193
p22.png 0 0.403921568627451 0.5460580065359475 0.21568627450980393 0.5455065359477124 0.4392156862745098 23.9303555235506
p23.png 0 0.4588235294117647 0.5498025599128545 0.18823529411764706 0.5132080610021781 0.3411764705882353 25.182367391820375
p24.png 0 0.3058823529411765 0.5126293572984749 0.12156862745098039 0.44136029411764777 0.23921568627450981 32.814258978024476
p25.png 0 0.44313725490196076 0.5698120915032676 0.16862745098039217 0.4979234749455338 0.27058823529411763 13.03553631666405
p26.png 0 0.33725490196078434 0.5234409041394343 0.1450980392156863 0.4945465686274513 0.48627450980392156 19.105417738852424
p27.png 0 0.3568627450980392 0.5332107843137253 0.10980392156862745 0.5050585511982572 0.30980392156862746 25.160245368938103
p28.png 0 0.3176470588235294 0.47820669934640503 0.18823529411764706 0.42404003267973855 0.36470588235294116 14.349863246816444
p29.png 0 0.4588235294117647 0.5605528322440079 0.14901960784313725 0.5574959150326797 0.26666666666666666 19.738999029422526
p30.png 0 0.403921568627451 0.5826729302832246 0.21568627450980393 0.5913126361655769 0.3686274509803922 14.798100415988918
n01.png 1 0.3686274509803922 0.4422589869281046 0.3568627450980392 0.4185593681917214 0.5098039215686274 1.3207736905165708
n02.png 1 0.3764705882352941 0.4697712418300657 0.37254901960784315 0.46779003267973907 0.49019607843137253 1.7407229216879665
n03.png 1 0.3254901960784314 0.4258714596949892 0.30980392156862746 0.39815495642701587 0.4235294117647059 1.5033640426832764
n04.png 1 0.42745098039215684 0.5161560457516343 0.47058823529411764 0.5311887254901957 0.6039215686274509 1.2902382138543624
n05.png 1 0.44313725490196076 0.5215550108932466 0.4627450980392157 0.5361996187363828 0.6039215686274509 1.4854571339761604
n06.png 1 0.44313725490196076 0.5183483115468414 0.2196078431372549 0.45110294117647093 0.4117647058823529 1.9142701250202199
n07.png 1 0.3254901960784314 0.4594498910675383 0.36470588235294116 0.4595996732026145 0.5450980392156862 1.5542909695003448
n08.png 1 0.4666666666666667 0.574278322440086 0.5294117647058824 0.6215073529411755 0.6588235294117647 1.4986786601694713
n09.png 1 0.4549019607843137 0.5382352941176465 0.5019607843137255 0.5714324618736385 0.6392156862745098 1.3238609405933126
n10.png 1 0.34509803921568627 0.4943218954248365 0.3686274509803922 0.4913466775599129 0.5568627450980392 2.071035530734333
n11.png 1 0.4588235294117647 0.5711601307189542 0.47058823529411764 0.6062023420479288 0.6196078431372549 1.3377598131543267
n12.png 1 0.40784313725490196 0.48762935729847456 0.4235294117647059 0.4887322984749452 0.5843137254901961 1.360792463469738
n13.png 1 0.36470588235294116 0.4555215141612202 0.3764705882352941 0.4343545751633991 0.49019607843137253 1.4723964531684743
n14.png 1 0.5176470588235295 0.6027913943355117 0.5450980392156862 0.6410743464052263 0.6588235294117647 1.3867212972487508
n15.png 1 0.3176470588235294 0.44648692810457546 0.32941176470588235 0.4176947167755991 0.5058823529411764 1.333392864388772
n16.png 1 0.3764705882352941 0.5245302287581695 0.3686274509803922 0.5377995642701517 0.5137254901960784 1.2312670350129968
n17.png 1 0.4117647058823529 0.47958197167755984 0.41568627450980394 0.4753131808278855 0.5686274509803921 0.958925315549405
n18.png 1 0.40784313725490196 0.48357162309368185 0.39215686274509803 0.4746663943355117 0.5725490196078431 1.51274868213395
n19.png 1 0.396078431372549 0.4677491830065359 0.3843137254901961 0.4508714596949884 0.5333333333333333 1.0697717915078842
n20.png 1 0.4196078431372549 0.4978690087145973 0.4392156862745098 0.5008578431372543 0.5803921568627451 1.3716263842897336
n21.png 1 0.3568627450980392 0.4443355119825708 0.3254901960784314 0.4135280501089327 0.4823529411764706 0.9549867628881188
n22.png 1 0.3411764705882353 0.4336669389978213 0.3176470588235294 0.3948188997821353 0.4588235294117647 1.033598756977162
n23.png 1 0.49411764705882355 0.5797589869281039 0.5490196078431373 0.6227805010893244 0.6352941176470588 1.418668371082505
n24.png 1 0.42745098039215684 0.4880514705882356 0.42745098039215684 0.48673066448801783 0.5803921568627451 1.0098137854357543
n25.png 1 0.3607843137254902 0.4600013616557735 0.3607843137254902 0.4469703159041392 0.5333333333333333 1.8244389349314873
n26.png 1 0.41568627450980394 0.5224809368191718 0.4 0.48692810457516317 0.5254901960784314 1.5635414779546313
n27.png 1 0.4117647058823529 0.47573529411764665 0.41568627450980394 0.47597358387799577 0.5450980392156862 1.0990214382499004
n28.png 1 0.3254901960784314 0.41146514161220055 0.3215686274509804 0.394117647058824 0.49411764705882355 1.658467277332718
n29.png 1 0.4627450980392157 0.5695533769063181 0.42745098039215684 0.5643858932461874 0.5529411764705883 1.3210404419838515
n30.png 1 0.5137254901960784 0.6191653050108926 0.4470588235294118 0.6602600762527232 0.5764705882352941 1.3149788723223366
