0 20.603513788728858
1 12.45173995184474
2 12.166376976608165
3 11.87008718374411
4 11.629272437828167
5 11.433185599976307
6 11.271380355437289
7 11.135900361475812
8 11.020727566663435
9 10.92129855539227
10 10.8341417648008
11 10.756606823356005
12 10.686662425516337
13 10.622745175630332
14 10.563646366136535
15 10.508427015246156
16 10.456353979473901
17 10.406851802346832
18 10.359466329494303
19 10.31383713581126
20 10.269676564063738
21 10.226753733964978
22 10.184882296590045
23 10.143911018190508
24 10.10371650755278
25 10.064197572413642
26 10.025270818220346
27 9.986867197906015
28 9.948929292651947
29 9.911409156990596
30 9.874266601639809
31 9.837467817546273
32 9.800984267278045
33 9.764791787016335
34 9.728869855353325
35 9.693200994942757
36 9.65777028054939
37 9.622564932780246
38 9.587573981186136
39 9.552787983820643
40 9.518198792977618
41 9.483799358879034
42 9.449583564690677
43 9.415546087506591
44 9.381682280942831
45 9.347988075776245
46 9.314459895700754
47 9.28109458578501
48 9.24788935162965
49 9.214841707559012
50 9.18194943245698
51 9.149210532082948
52 9.116623206889773
53 9.084185824520304
54 9.051896896286989
55 9.01975505704658
56 8.987759047971299
57 8.955907701793233
58 8.924199930162283
59 8.892634712811107
60 8.86121108826622
61 8.82992814588252
62 8.798785019010857
63 8.767780879136573
64 8.736914930849757
65 8.706186407528513
66 8.675594567633551
67 8.64513869152692
68 8.614818078740358
69 8.584632045629215
70 8.554579923357336
71 8.524661056165717
72 8.494874799884819
73 8.465220520655894
74 8.435697593831788
75 8.406305403031633
76 8.37704333932785
77 8.347910800546503
78 8.318907190665113
79 8.290031919294144
80 8.261284401230162
81 8.23266405607073
82 8.204170307882215
83 8.17580258491298
84 8.147560319345661
85 8.119442947082925
86 8.091449907561959
87 8.063580643593756
88 8.035834601223605
89 8.00821122960969
90 7.980709980917534
91 7.953330310227719
92 7.92607167545529
93 7.8989335372790315
94 7.871915359079238
95 7.845016606882888
96 7.818236749315093
97 7.7915752575558805
98 7.765031605301811
99 7.738605268731408
100 7.712295726474151
101 7.6861024595824174
102 7.660024951505918
103 7.634062688068414
104 7.608215157446255
105 7.582481850148585
106 7.556862258998966
107 7.53135587911814
108 7.505962207907968
109 7.480680745036174
110 7.455510992421879
111 7.4304524542218875
112 7.4055046368174855
113 7.380667048801767
114 7.355939200967455
115 7.331320606295097
116 7.306810779941497
117 7.282409239228605
118 7.258115503632567
119 7.233929094773035
120 7.209849536402658
121 7.1858763543968
122 7.162009076743368
123 7.138247233532838
124 7.114590356948339
125 7.091037981255914
126 7.0675896427948866
127 7.044244879968262
128 7.0210032332333
129 6.997864245092136
130 6.974827460082395
131 6.951892424768066
132 6.929058687730231
133 6.906325799558018
134 6.883693312839527
135 6.861160782152831
136 6.83872776405703
137 6.816393817083384
138 6.794158501726456
139 6.772021380435317
140 6.749982017604829
141 6.728039979566885
142 6.706194834581853
143 6.684446152829812
144 6.662793506402168
145 6.641236469292955
146 6.6197746173904655
147 6.598407528468733
148 6.5771347821791615
149 6.555955960042161
150 6.534870645438778
151 6.513878423602415
152 6.49297888161066
153 6.472171608376933
154 6.451456194642398
155 6.430832232967847
156 6.410299317725501
157 6.389857045091017
158 6.369505013035437
159 6.349242821317214
160 6.329070071474169
161 6.3089863668157316
162 6.288991312414867
163 6.2690845151003485
164 6.249265583448912
165 6.229534127777456
166 6.209889760135305
167 6.190332094296486
168 6.1708607457521065
169 6.15147533170262
170 6.132175471050309
171 6.11296078439162
172 6.09383089400972
173 6.074785423866883
174 6.055823999597114
175 6.036946248498624
176 6.0181517995265175
177 5.999440283285281
178 5.980811332021617
179 5.962264579616971
180 5.943799661580363
181 5.925416215041056
182 5.907113878741442
183 5.8888922930298095
184 5.870751099853167
185 5.852689942750171
186 5.834708466844039
187 5.816806318835493
188 5.798983146995723
189 5.781238601159398
190 5.7635723327177315
191 5.745983994611522
192 5.728473241324296
193 5.711039728875389
194 5.693683114813165
195 5.676403058208159
196 5.65919921964635
197 5.642071261222386
198 5.625018846532861
199 5.6080416406696845
200 5.591139310213361
201 5.574311523226386
202 5.557557949246662
203 5.540878259280951
204 5.524272125798287
205 5.507739222723486
206 5.491279225430696
207 5.4748918107368905
208 5.458576656895552
209 5.442333443590124
210 5.426161851927773
211 5.410061564433017
212 5.394032265041371
213 5.378073639093171
214 5.362185373327171
215 5.346367155874488
216 5.330618676252265
217 5.314939625357604
218 5.299329695461348
219 5.2837885802020255
220 5.2683159745796955
221 5.25291157494999
222 5.23757507901799
223 5.222306185832235
224 5.207104595778777
225 5.191970010575246
226 5.176902133264835
227 5.161900668210486
228 5.146965321088969
229 5.132095798885065
230 5.1172918098857645
231 5.102553063674367
232 5.087879271124849
233 5.07327014439601
234 5.058725396925834
235 5.044244743425773
236 5.029827899875025
237 5.015474583514977
238 5.001184512843529
239 4.9869574076095295
240 4.97279298880721
241 4.95869097867061
242 4.944651100668102
243 4.930673079496904
244 4.916756641077536
245 4.902901512548458
246 4.889107422260607
247 4.875374099772034
248 4.861701275842508
249 4.848088682428137
250 4.834536052676127
251 4.821043120919403
252 4.8076096226714
253 4.794235294620719
254 4.780919874625989
255 4.76766310171064
256 4.754464716057657
257 4.741324459004508
258 4.728242073037941
259 4.715217301788895
260 4.702249890027437
261 4.689339583657615
262 4.676486129712491
263 4.663689276349093
264 4.650948772843383
265 4.638264369585322
266 4.625635818073887
267 4.613062870912142
268 4.600545281802317
269 4.588082805540951
270 4.575675198013938
271 4.563322216191843
272 4.5510236181248525
273 4.538779162938168
274 4.526588610827096
275 4.514451723052414
276 4.502368261935431
277 4.490337990853472
278 4.478360674235091
279 4.46643607755535
280 4.454563967331266
281 4.442744111117054
282 4.430976277499638
283 4.419260236093962
284 4.4075957575384574
285 4.395982613490467
286 4.384420576621728
287 4.372909420613881
288 4.361448920153888
289 4.350038850929695
290 4.3386789896256435
291 4.327369113918137
292 4.316109002471183
293 4.3048984349319745
294 4.293737191926578
295 4.282625055055521
296 4.271561806889504
297 4.260547230965037
298 4.24958111178018
299 4.238663234790242
300 4.2277933864035155
301 4.216971353977093
302 4.206196925812571
303 4.195469891151894
304 4.184790040173125
305 4.174157163986373
306 4.163571054629532
307 4.1530315050642255
308 4.14253830917167
309 4.13209126174862
310 4.121690158503244
311 4.111334796051069
312 4.101024971911034
313 4.090760484501336
314 4.0805411331355135
315 4.070366718018472
316 4.060237040242468
317 4.0501519017831935
318 4.040111105495819
319 4.030114455111135
320 4.020161755231595
321 4.010252811327488
322 4.000387429733029
323 3.9905654176425363
324 3.9807865831066156
325 3.971050735028371
326 3.9613576831595467
327 3.9517072380967755
328 3.9420992112779034
329 3.9325334149781055
330 3.9230096623062773
331 3.913527767201282
332 3.904087544428234
333 3.8946888095748395
334 3.885331379047761
335 3.876015070068995
336 3.8667397006721203
337 3.8575050896988845
338 3.848311056795386
339 3.839157422408708
340 3.8300440077831763
341 3.820970634956954
342 3.811937126758398
343 3.802943306802655
344 3.7939889994880174
345 3.7850740299925905
346 3.7761982242707743
347 3.767361409049688
348 3.7585634118259525
349 3.749804060862069
350 3.7410831851831383
351 3.7324006145734305
352 3.723756179572956
353 3.7151497114741927
354 3.706581042318685
355 3.698050004893695
356 3.6895564327289705
357 3.6811001600933277
358 3.672681021991489
359 3.6642988541606067
360 3.6559534930673254
361 3.647644775904184
362 3.63937254058666
363 3.6311366257498094
364 3.622936870745101
365 3.614773115637242
366 3.606645201200983
367 3.598552968918008
368 3.5904962609737123
369 3.582474920254127
370 3.5744887903428246
371 3.5665377155177236
372 3.5586215407481006
373 3.550740111691476
374 3.5428932746905017
375 3.5350808767700457
376 3.5273027656339786
377 3.5195587896623373
378 3.5118487979081556
379 3.5041726400945854
380 3.496530166611878
381 3.488921228514393
382 3.4813456775176665
383 3.473803365995484
384 3.4662941469769284
385 3.4588178741435125
386 3.4513744018261368
387 3.4439635850024186
388 3.4365852792936646
389 3.4292393409619906
390 3.4219256269076173
391 3.4146439946658678
392 3.407394302404446
393 3.4001764089205815
394 3.392990173638268
395 3.385835456605402
396 3.378712118491109
397 3.371620020582892
398 3.3645590247839325
399 3.3575289936103148
400 3.3505297901883315
401 3.3435612782518125
402 3.3366233221392676
403 3.329715786791386
404 3.3228385377482246
405 3.3159914411466276
406 3.3091743637174957
407 3.3023871727831784
408 3.2956297362549316
409 3.288901922630097
410 3.282203600989706
411 3.2755346409957466
412 3.2688949128886433
413 3.2622842874846585
414 3.2557026361733232
415 3.2491498309149573
416 3.2426257442380164
417 3.2361302492366564
418 3.2296632195681934
419 3.2232245294505875
420 3.2168140536599577
421 3.2104316675280753
422 3.2040772469399657
423 3.197750668331379
424 3.1914518086863053
425 3.185180545534685
426 3.1789367569497986
427 3.172720321546018
428 3.166531118476277
429 3.1603690274297316
430 3.154233928629365
431 3.1481257028295886
432 3.142044231313992
433 3.135989395892786
434 3.1299610789006533
435 3.1239591631943338
436 3.1179835321502662
437 3.112034069662377
438 3.1061106601396884
439 3.100213188504052
440 3.094341540187928
441 3.0884956011320255
442 3.082675257783096
443 3.0768803970916596
444 3.0711109065097864
445 3.0653666739888545
446 3.0596475879773313
447 3.0539535374185562
448 3.0482844117485706
449 3.042640100893854
450 3.0370204952692506
451 3.031425485775679
452 3.025854963798118
453 3.020308821203246
454 3.0147869503375504
455 3.009289244024986
456 3.003815595564966
457 2.9983658987301562
458 2.99294004776453
459 2.9875379373810738
460 2.9821594627598387
461 2.9768045195458375
462 2.971473003846951
463 2.9661648122318653
464 2.960879841728091
465 2.955617989819798
466 2.950379154445922
467 2.9451632339980707
468 2.9399701273184893
469 2.9347997336981337
470 2.9296519528746017
471 2.9245266850301803
472 2.919423830789862
473 2.91434329121942
474 2.909284967823355
475 2.9042487625429976
476 2.8992345777546054
477 2.8942423162673836
478 2.88927188132154
479 2.8843231765864323
480 2.8793961061585858
481 2.874490574559875
482 2.8696064867355333
483 2.8647437480523816
484 2.8599022642969087
485 2.8550819416733244
486 2.8502826868018465
487 2.845504406716736
488 2.840747008864557
489 2.8360104011022207
490 2.831294491695269
491 2.8265991893160147
492 2.821924403041716
493 2.8172700423528236
494 2.812636017131149
495 2.8080222376580846
496 2.803428614612842
497 2.798855059070666
498 2.794301482501136
499 2.7897677967662804
500 2.7852539141189805
501 2.78075974720114
502 2.77628520904198
503 2.771830213056319
504 2.767394673042874
505 2.76297850318254
506 2.7585816180366707
507 2.7542039325454204
508 2.7498453620260443
509 2.7455058221712214
510 2.7411852290474417
511 2.7368834990932025
512 2.7326005491174703
513 2.7283362962981035
514 2.724090658179956
515 2.719863552673569
516 2.7156548980532733
517 2.71146461295573
518 2.7072926163782713
519 2.703138827677282
520 2.6990031665666496
521 2.6948855531161384
522 2.690785907749787
523 2.686704151244416
524 2.682640204727965
525 2.678593989677979
526 2.6745654279200988
527 2.6705544416263955
528 2.6665609533139345
529 2.6625848858432226
530 2.658626162416645
531 2.6546847065769765
532 2.650760442205851
533 2.6468532935222964
534 2.6429631850811606
535 2.6390900417716776
536 2.635233788815994
537 2.6313943517676357
538 2.6275716565100438
539 2.623765629255177
540 2.6199761965419412
541 2.6162032852348287
542 2.6124468225224704
543 2.6087067359160594
544 2.6049829532481494
545 2.601275402671019
546 2.597584012655356
547 2.5939087119887856
548 2.590249429774527
549 2.586606095429964
550 2.5829786386851983
551 2.579366989581772
552 2.5757710784711305
553 2.572190836013408
554 2.5686261931759358
555 2.5650770812319084
556 2.5615434317590826
557 2.558025176638329
558 2.554522248052359
559 2.55103457848436
560 2.54756210071663
561 2.544104747829309
562 2.5406624531990136
563 2.537235150497501
564 2.5338227736904497
565 2.5304252570359944
566 2.527042535083616
567 2.523674542672698
568 2.520321214931309
569 2.5169824872748925
570 2.5136582954050217
571 2.5103485753080945
572 2.507053263254076
573 2.5037722957952346
574 2.5005056097649465
575 2.4972531422763176
576 2.494014830721134
577 2.490790612768391
578 2.4875804263632193
579 2.484384209725671
580 2.4812019013493796
581 2.478033440000452
582 2.474878764716202
583 2.4717378148039546
584 2.468610529839869
585 2.465496849667686
586 2.462396714397669
587 2.4593100644052313
588 2.456236840329922
589 2.453176983074181
590 2.4501304338021455
591 2.4470971339385494
592 2.4440770251675477
593 2.441070049431524
594 2.4380761489299854
595 2.435095266118408
596 2.43212734370712
597 2.4291723246601005
598 2.4262301521939538
599 2.4233007697767
600 2.420384121126725
601 2.4174801502116097
602 2.4145888012470222
603 2.4117100186957035
604 2.408843747266281
605 2.405989931912211
606 2.4031485178306586
607 2.400319450461474
608 2.397502675486062
609 2.3946981388263566
610 2.3919057866436786
611 2.3891255653377783
612 2.386357421545649
613 2.383601302140588
614 2.3808571542310992
615 2.3781249251597942
616 2.375404562502484
617 2.37269601406704
618 2.3699992278923503
619 2.367314152247383
620 2.364640735630076
621 2.361978926766379
622 2.359328674609247
623 2.3566899283375466
624 2.35406263735514
625 2.3514467512898714
626 2.348842219992503
627 2.3462489935358755
628 2.3436670222137272
629 2.3410962565398945
630 2.3385366472471514
631 2.3359881452864153
632 2.3334507018256923
633 2.3309242682491007
634 2.328408796155962
635 2.325904237359726
636 2.3234105438872326
637 2.320927667977555
638 2.318455562081168
639 2.3159941788589657
640 2.3135434711813785
641 2.3111033921273743
642 2.3086738949836
643 2.306254933243393
644 2.3038464606058837
645 2.301448430975169
646 2.2990607984592653
647 2.2966835173692597
648 2.294316542218397
649 2.2919598277212905
650 2.289613328792864
651 2.2872770005475163
652 2.284950798298325
653 2.282634677555991
654 2.2803285940281666
655 2.2780325036184106
656 2.275746362425417
657 2.273470126742078
658 2.271203753054693
659 2.268947198042074
660 2.2667004185746906
661 2.2644633717137848
662 2.262236014710616
663 2.2600183050055414
664 2.2578102002271874
665 2.2556116581916044
666 2.253422636901525
667 2.2512430945453703
668 2.249072989496602
669 2.246912280312748
670 2.2447609257346968
671 2.242618884685828
672 2.240486116271207
673 2.238362579776836
674 2.236248234668699
675 2.2341430405921927
676 2.232046957371103
677 2.2299599450069647
678 2.2278819636781737
679 2.225812973739301
680 2.2237529357202175
681 2.2217018103253783
682 2.219659558433014
683 2.2176261410943843
684 2.215601519532996
685 2.2135856551437962
686 2.211578509492508
687 2.20958004431479
688 2.2075902215154897
689 2.2056090031679823
690 2.2036363515133126
691 2.201672228959417
692 2.199716598080596
693 2.1977694216165378
694 2.195830662471709
695 2.1939002837146067
696 2.1919782485769956
697 2.1900645204532587
698 2.188159062899548
699 2.1862618396331985
700 2.1843728145319616
701 2.182491951633261
702 2.18061921513352
703 2.178754569387431
704 2.1768979789073373
705 2.1750494083623684
706 2.1732088225779074
707 2.171376186534819
708 2.169551465368769
709 2.1677346243695377
710 2.165925628980306
711 2.16412444479708
712 2.1623310375678977
713 2.160545373192171
714 2.158767417720062
715 2.1569971373518357
716 2.155234498437057
717 2.153479467474105
718 2.1517320111093943
719 2.149992096136723
720 2.1482596894966903
721 2.14653475827599
722 2.1448172697067482
723 2.1431071911659587
724 2.1414044901747187
725 2.1397091343977195
726 2.138021091642489
727 2.1363403298588417
728 2.1346668171382226
729 2.1330005217130577
730 2.1313414119561953
731 2.129689456380161
732 2.128044623636679
733 2.1264068825159197
734 2.1247762019459935
735 2.1231525509923426
736 2.1215358988569775
737 2.119926214878053
738 2.1183234685292
739 2.1167276294188517
740 2.1151386672897874
741 2.1135565520183928
742 2.11198125361418
743 2.110412742219114
744 2.1088509881070676
745 2.107295961683261
746 2.105747633483613
747 2.1042059741741994
748 2.1026709545506694
749 2.101142545537687
750 2.0996207181883455
751 2.0981054436835707
752 2.09659669333159
753 2.0950944385673904
754 2.0935986509520648
755 2.0921093021723602
756 2.090626364040046
757 2.0891498084913853
758 2.087679607586592
759 2.0862157335092606
760 2.0847581585658177
761 2.0833068551850076
762 2.081861795917318
763 2.08042295343448
764 2.078990300528842
765 2.0775638101129528
766 2.0761434552189515
767 2.0747292089980376
768 2.073321044719985
769 2.071918935772556
770 2.0705228556611006
771 2.0691327780078423
772 2.0677486765515276
773 2.066370525146809
774 2.0649982977638217
775 2.063631968487565
776 2.0622715115174723
777 2.060916901166915
778 2.0595681118625784
779 2.0582251181440796
780 2.0568878946634643
781 2.0555564161845967
782 2.0542306575828198
783 2.0529105938443046
784 2.0515962000656978
785 2.0502874514535336
786 2.0489843233237623
787 2.0476867911013343
788 2.0463948303195982
789 2.045108416619969
790 2.0438275257513108
791 2.042552133569519
792 2.0412822160370503
793 2.0400177492224705
794 2.0387587092999166
795 2.0375050725486803
796 2.036256815352745
797 2.0350139142003036
798 2.033776345683283
799 2.0325440864969013
800 2.0313171134392376
801 2.03009540341068
802 2.028878933413659
803 2.027667680551945
804 2.026461622030409
805 2.0252607351544443
806 2.0240649973296367
807 2.0228743860612144
808 2.0216888789536305
809 2.020508453710129
810 2.019333088132393
811 2.0181627601199383
812 2.0169974476698544
813 2.01583712887624
814 2.01468178192981
815 2.0135313851175636
816 2.012385916822178
817 2.011245355521711
818 2.0101096797892053
819 2.008978868292098
820 2.0078528997920215
821 2.006731753144231
822 2.0056154072972383
823 2.004503841292386
824 2.0033970342634904
825 2.002294965436313
826 2.001197614128299
827 2.0001049597481004
828 1.9990169817950953
829 1.9979336598591293
830 1.9968549736200534
831 1.9957809028472406
832 1.9947114273993714
833 1.9936465272238548
834 1.9925861823565625
835 1.991530372921327
836 1.9904790791296783
837 1.9894322812803746
838 1.9883899597589905
839 1.9873520950375982
840 1.9863186676743816
841 1.9852896583132162
842 1.984265047683268
843 1.983244816598691
844 1.9822289459582225
845 1.981217416744727
846 1.980210210024972
847 1.9792073069491736
848 1.9782086887505763
849 1.9772143367451667
850 1.976224232331293
851 1.9752383569892558
852 1.9742566922810074
853 1.9732792198497386
854 1.9723059214195349
855 1.9713367787950697
856 1.970371773861111
857 1.9694108885823216
858 1.9684541050028195
859 1.967501405245845
860 1.9665527715133921
861 1.9656081860859247
862 1.9646676313219305
863 1.9637310896576268
864 1.962798543606642
865 1.961869975759629
866 1.960945368783966
867 1.960024705423372
868 1.9591079684975532
869 1.9581951409019258
870 1.9572862056073008
871 1.9563811456594749
872 1.9554799441788582
873 1.9545825843603322
874 1.953689049472728
875 1.9527993228585703
876 1.951913387933771
877 1.951031228187299
878 1.950152827180808
879 1.9492781685483667
880 1.9484072359961495
881 1.9475400133020164
882 1.946676484315376
883 1.945816632956624
884 1.9449604432170706
885 1.9441078991584733
886 1.9432589849128243
887 1.9424136846818782
888 1.9415719827370672
889 1.9407338634190274
890 1.9398993111373193
891 1.9390683103701785
892 1.9382408456641795
893 1.9374169016339218
894 1.9365964629617218
895 1.935779514397373
896 1.9349660407577447
897 1.934156026926581
898 1.933349457854183
899 1.9325463185570635
900 1.9317465941176772
901 1.9309502696842178
902 1.9301573304701574
903 1.9293677617541007
904 1.928581548879416
905 1.9277986772540279
906 1.9270191323500387
907 1.9262428997034704
908 1.9254699649140123
909 1.9247003136447978
910 1.9239339316219237
911 1.9231708046343838
912 1.922410918533686
913 1.9216542592335908
914 1.9209008127098133
915 1.9201505649998312
916 1.9194035022024993
917 1.9186596104778635
918 1.9179188760468242
919 1.9171812851909937
920 1.9164468242521961
921 1.9157154796324452
922 1.9149872377935553
923 1.9142620852568875
924 1.9135400086030248
925 1.912820994471718
926 1.9121050295613542
927 1.9113921006289056
928 1.9106821944895438
929 1.9099752980164353
930 1.9092713981405187
931 1.9085704818501614
932 1.9078725361909836
933 1.9071775482655804
934 1.9064855052332208
935 1.9057963943096687
936 1.9051102027669176
937 1.9044269179329192
938 1.903746527191306
939 1.903069017981248
940 1.9023943777970813
941 1.9017225941881608
942 1.9010536547585426
943 1.9003875471668668
944 1.899724259125943
945 1.8990637784026112
946 1.898406092817508
947 1.8977511902448148
948 1.8970990586119707
949 1.8964496858995643
950 1.8958030601409102
951 1.8951591694219816
952 1.8945180018811152
953 1.8938795457087862
954 1.8932437891473195
955 1.8926107204907767
956 1.8919803280846108
957 1.8913526003255359
958 1.8907275256612446
959 1.8901050925901224
960 1.889485289661223
961 1.8888681054738201
962 1.888253528677303
963 1.887641547970932
964 1.8870321521036144
965 1.8864253298737224
966 1.8858210701287916
967 1.885219361765367
968 1.8846201937287717
969 1.8840235550129203
970 1.8834294346600478
971 1.8828378217605022
972 1.8822487054525963
973 1.881662074922303
974 1.881077919403119
975 1.8804962281758593
976 1.8799169905683437
977 1.8793401959553102
978 1.8787658337581568
979 1.8781938934447056
980 1.8776243645290993
981 1.877057236571419
982 1.8764924991776948
983 1.8759301419995298
984 1.875370154733995
985 1.8748125271233826
986 1.874257248955007
987 1.873704310061036
988 1.873153700318289
989 1.8726054096480411
990 1.8720594280157208
991 1.8715157454309281
992 1.870974351947034
993 1.8704352376610958
994 1.8698983927136468
995 1.8693638072884788
996 1.8688314716124579
997 1.8683013759554112
998 1.867773510629753
999 1.8672478659904868
1000 1.8667244324349799
1001 1.86620320040264
1002 1.865684160374899
1003 1.8651673028749547
1004 1.8646526184675152
1005 1.8641400977587892
1006 1.8636297313961345
1007 1.8631215100679657
1008 1.862615424503556
1009 1.8621114654728133
1010 1.8616096237861748
1011 1.8611098902943972
1012 1.8606122558883085
1013 1.8601167114987969
1014 1.8596232480964403
1015 1.8591318566914383
1016 1.8586425283334724
1017 1.8581552541114048
1018 1.8576700251532647
1019 1.857186832625895
1020 1.8567056677349545
1021 1.856226521724613
1022 1.855749385877467
1023 1.8552742515143448
1024 1.8548011099941026
1025 1.8543299527134918
1026 1.8538607711070034
1027 1.853393556646683
1028 1.8529283008419037
1029 1.85246499523937
1030 1.8520036314227672
1031 1.8515442010126504
1032 1.8510866956663914
1033 1.850631107077897
1034 1.8501774269774443
1035 1.849725647131593
1036 1.849275759342989
1037 1.848827755450187
1038 1.8483816273275353
1039 1.8479373668849548
1040 1.8474949660678754
1041 1.8470544168569556
1042 1.8466157112680823
1043 1.8461788413520144
1044 1.8457437991944308
1045 1.8453105769156644
1046 1.8448791666705406
1047 1.8444495606483007
1048 1.8440217510723775
1049 1.8435957302002655
1050 1.8431714903234158
1051 1.8427490237669872
1052 1.8423283228898057
1053 1.8419093800841448
1054 1.8414921877756034
1055 1.841076738422965
1056 1.8406630245180455
1057 1.8402510385854924
1058 1.8398407731827595
1059 1.8394322208998606
1060 1.8390253743592402
1061 1.8386202262156852
1062 1.8382167691561069
1063 1.8378149958994814
1064 1.837414899196614
1065 1.837016471830095
1066 1.8366197066140746
1067 1.8362245963941548
1068 1.8358311340473303
1069 1.8354393124816932
1070 1.835049124636415
1071 1.8346605634815705
1072 1.8342736220180174
1073 1.8338882932772091
1074 1.8335045703211221
1075 1.8331224462421276
1076 1.83274191416277
1077 1.8323629672357116
1078 1.831985598643598
1079 1.8316098015988866
1080 1.8312355693437161
1081 1.830862895149857
1082 1.8304917723184444
1083 1.8301221941799826
1084 1.8297541540941005
1085 1.8293876454494842
1086 1.8290226616637877
1087 1.8286591961834189
1088 1.828297242483467
1089 1.8279367940675528
1090 1.8275778444676984
1091 1.82722038724427
1092 1.8268644159857146
1093 1.8265099243085874
1094 1.826156905857323
1095 1.8258053543041723
1096 1.8254552633490215
1097 1.8251066267193454
1098 1.82475943817003
1099 1.8244136914832347
1100 1.8240693804683794
1101 1.8237264989618254
1102 1.8233850408270176
1103 1.823044999954142
1104 1.822706370260087
1105 1.8223691456883975
1106 1.8220333202090286
1107 1.821698887818301
1108 1.8213658425388335
1109 1.8210341784192543
1110 1.8207038895343264
1111 1.820374969984615
1112 1.8200474138965193
1113 1.8197212154220501
1114 1.8193963687388042
1115 1.8190728680498456
1116 1.8187507075835174
1117 1.8184298815933913
1118 1.8181103843581885
1119 1.8177922101815351
1120 1.8174753533919998
1121 1.8171598083429272
1122 1.816845569412309
1123 1.8165326310027006
1124 1.8162209875410982
1125 1.8159106334788238
1126 1.8156015632914795
1127 1.8152937714787467
1128 1.8149872525643278
1129 1.8146820010958553
1130 1.814378011644785
1131 1.8140752788062302
1132 1.8137737971989265
1133 1.8134735614651212
1134 1.8131745662704213
1135 1.8128768063037048
1136 1.8125802762771073
1137 1.8122849709257545
1138 1.811990885007838
1139 1.8116980133043672
1140 1.8114063506191567
1141 1.8111158917786867
1142 1.810826631632027
1143 1.8105385650506902
1144 1.8102516869286454
1145 1.8099659921820612
1146 1.8096814757493274
1147 1.8093981325909136
1148 1.80911595768926
1149 1.808834946048728
1150 1.8085550926954284
1151 1.8082763926772396
1152 1.8079988410635481
1153 1.807722432945306
1154 1.8074471634348908
1155 1.8071730276659683
1156 1.8069000207933983
1157 1.8066281379932434
1158 1.8063573744625447
1159 1.8060877254193186
1160 1.8058191861024113
1161 1.8055517517714086
1162 1.8052854177066653
1163 1.8050201792089773
1164 1.8047560315997095
1165 1.804492970220629
1166 1.804230990433756
1167 1.8039700876213622
1168 1.8037102571858412
1169 1.8034514945496445
1170 1.8031937951551413
1171 1.8029371544645616
1172 1.8026815679599593
1173 1.802427031143021
1174 1.8021735395350453
1175 1.8019210886768966
1176 1.8016696741287908
1177 1.8014192914703298
1178 1.8011699363004077
1179 1.8009216042370182
1180 1.800674290917278
1181 1.8004279919973525
1182 1.8001827031522308
1183 1.7999384200758184
1184 1.799695138480755
1185 1.7994528540983665
1186 1.799211562678506
1187 1.7989712599896202
1188 1.7987319418185312
1189 1.7984936039704107
1190 1.7982562422687094
1191 1.7980198525550495
1192 1.797784430689162
1193 1.7975499725488193
1194 1.7973164740296843
1195 1.7970839310453823
1196 1.7968523395271965
1197 1.796621695424246
1198 1.7963919947032025
1199 1.79616323334832
1200 1.795935407361313
1201 1.795708512761286
1202 1.7954825455847254
1203 1.7952575018852932
1204 1.7950333777338632
1205 1.7948101692183656
1206 1.794587872443842
1207 1.7943664835321167
1208 1.794145998622048
1209 1.7939264138691913
1210 1.7937077254458755
1211 1.7934899295410558
1212 1.7932730223602322
1213 1.7930570001254515
1214 1.7928418590751796
1215 1.7926275954642428
1216 1.792414205563714
1217 1.7922016856609337
1218 1.7919900320593682
1219 1.7917792410785307
1220 1.791569309053951
1221 1.7913602323370825
1222 1.7911520072952598
1223 1.790944630311597
1224 1.7907380977848955
1225 1.7905324061296413
1226 1.7903275517759216
1227 1.7901235311692791
1228 1.789920340770767
1229 1.7897179770567608
1230 1.789516436518993
1231 1.7893157156643966
1232 1.7891158110151033
1233 1.7889167191083608
1234 1.788718436496426
1235 1.7885209597465723
1236 1.7883242854409633
1237 1.788128410176603
1238 1.7879333305652743
1239 1.7877390432335023
1240 1.787545544822424
1241 1.7873528319877787
1242 1.7871609013998353
1243 1.7869697497432986
1244 1.7867793737172804
1245 1.7865897700352167
1246 1.786400935424843
1247 1.7862128666280717
1248 1.7860255604009148
1249 1.7858390135135431
1250 1.7856532227500947
1251 1.7854681849087006
1252 1.7852838968013287
1253 1.7851003552538613
1254 1.7849175571058642
1255 1.7847354992106943
1256 1.7845541784353187
1257 1.784373591660325
1258 1.784193735779806
1259 1.7840146077013033
1260 1.783836204345829
1261 1.7836585226477437
1262 1.7834815595546738
1263 1.7833053120274824
1264 1.783129777040252
1265 1.7829549515801377
1266 1.78278083264742
1267 1.7826074172552955
1268 1.78243470243
1269 1.782262685210615
1270 1.7820913626490817
1271 1.7819207318100734
1272 1.7817507897710456
1273 1.7815815336220961
1274 1.7814129604659286
1275 1.7812450674178046
1276 1.7810778516055028
1277 1.7809113101692307
1278 1.7807454402615719
1279 1.7805802390475096
1280 1.780415703704231
1281 1.7802518314212266
1282 1.7800886194000758
1283 1.7799260648545658
1284 1.7797641650105058
1285 1.779602917105747
1286 1.7794423183900736
1287 1.7792823661251813
1288 1.7791230575846646
1289 1.7789643900538625
1290 1.7788063608299263
1291 1.7786489672216779
1292 1.778492206549586
1293 1.7783360761457438
1294 1.778180573353773
1295 1.7780256955288132
1296 1.7778714400374005
1297 1.7777178042575479
1298 1.7775647855785492
1299 1.777412381401044
1300 1.7772605891368767
1301 1.7771094062091
1302 1.7769588300519503
1303 1.7768088581107417
1304 1.7766594878418405
1305 1.7765107167125833
1306 1.7763625422013296
1307 1.7762149617972922
1308 1.776067973000554
1309 1.7759215733220295
1310 1.7757757602833968
1311 1.7756305314170033
1312 1.7754858842659205
1313 1.775341816383813
1314 1.7751983253349486
1315 1.7750554086940897
1316 1.7749130640464945
1317 1.7747712889878973
1318 1.774630081124347
1319 1.7744894380723213
1320 1.7743493574585316
1321 1.7742098369200061
1322 1.7740708741039193
1323 1.7739324666676635
1324 1.7737946122787156
1325 1.7736573086146574
1326 1.773520553363114
1327 1.7733843442216406
1328 1.77324867889778
1329 1.7731135551089905
1330 1.772978970582561
1331 1.7728449230556027
1332 1.772711410274991
1333 1.7725784299973366
1334 1.7724459799889454
1335 1.7723140580257606
1336 1.772182661893326
1337 1.7720517893867134
1338 1.7719214383105781
1339 1.7717916064790082
1340 1.7716622917155163
1341 1.7715334918530214
1342 1.7714052047338331
1343 1.7712774282095038
1344 1.771150160140884
1345 1.7710233983980683
1346 1.7708971408603233
1347 1.770771385416074
1348 1.7706461299628447
1349 1.7705213724072288
1350 1.7703971106648337
1351 1.7702733426603035
1352 1.7701500663271943
1353 1.7700272796079661
1354 1.7699049804539793
1355 1.7697831668253838
1356 1.769661836691206
1357 1.7695409880291169
1358 1.7694206188255759
1359 1.769300727075717
1360 1.7691813107832923
1361 1.7690623679606734
1362 1.7689438966288076
1363 1.768825894817115
1364 1.7687083605635625
1365 1.768591291914586
1366 1.7684746869249441
1367 1.7683585436578821
1368 1.7682428601849138
1369 1.7681276345859045
1370 1.7680128649489426
1371 1.7678985493704074
1372 1.7677846859548354
1373 1.7676712728149284
1374 1.7675583080715227
1375 1.767445789853545
1376 1.76733371629799
1377 1.7672220855498162
1378 1.767110895762036
1379 1.7670001450955792
1380 1.7668898317192938
1381 1.7667799538099047
1382 1.7666705095519604
1383 1.7665614971378827
1384 1.7664529147678159
1385 1.7663447606496494
1386 1.7662370329990382
1387 1.7661297300392187
1388 1.7660228500011457
1389 1.7659163911233553
1390 1.765810351651956
1391 1.765704729840609
1392 1.7655995239504765
1393 1.7654947322502017
1394 1.76539035301586
1395 1.765286384530948
1396 1.7651828250863248
1397 1.7650796729802218
1398 1.764976926518178
1399 1.7648745840129945
1400 1.7647726437847224
1401 1.7646711041606793
1402 1.76456996347532
1403 1.7644692200702476
1404 1.7643688722942328
1405 1.7642689185031106
1406 1.7641693570597883
1407 1.7640701863341859
1408 1.763971404703245
1409 1.7638730105508764
1410 1.7637750022679186
1411 1.763677378252128
1412 1.7635801369081148
1413 1.763483276647408
1414 1.7633867958882237
1415 1.7632906930557268
1416 1.7631949665817321
1417 1.7630996149048046
1418 1.7630046364702445
1419 1.762910029729977
1420 1.7628157931425945
1421 1.7627219251732937
1422 1.7626284242938635
1423 1.762535288982676
1424 1.7624425177245355
1425 1.7623501090108573
1426 1.7622580613394454
1427 1.7621663732146038
1428 1.7620750431469896
1429 1.7619840696536844
1430 1.7618934512581315
1431 1.761803186490079
1432 1.761713273885578
1433 1.761623711986974
1434 1.7615344993428752
1435 1.7614456345080516
1436 1.7613571160434978
1437 1.7612689425164052
1438 1.7611811125000307
1439 1.7610936245738071
1440 1.7610064773232188
1441 1.7609196693398221
1442 1.7608331992212223
1443 1.7607470655709967
1444 1.7606612669987016
1445 1.7605758021198417
1446 1.760490669555943
1447 1.7604058679342838
1448 1.7603213958881256
1449 1.7602372520565335
1450 1.760153435084414
1451 1.7600699436224778
1452 1.759986776327184
1453 1.7599039318607628
1454 1.7598214088911601
1455 1.7597392060920323
1456 1.7596573221426677
1457 1.7595757557280656
1458 1.7594945055388147
1459 1.7594135702710645
1460 1.7593329486266602
1461 1.7592526393128358
1462 1.7591726410424926
1463 1.759092952533957
1464 1.759013572511068
1465 1.7589344997030893
1466 1.7588557328447418
1467 1.7587772706761313
1468 1.758699111942767
1469 1.7586212553955214
1470 1.7585436997905735
1471 1.758466443889449
1472 1.7583894864589558
1473 1.7583128262711487
1474 1.7582364621033575
1475 1.7581603927381115
1476 1.7580846169631383
1477 1.7580091335713495
1478 1.7579339413608288
1479 1.7578590391347575
1480 1.7577844257014257
1481 1.7577100998742454
1482 1.7576360604716612
1483 1.7575623063171786
1484 1.7574888362392984
1485 1.7574156490715447
1486 1.7573427436524083
1487 1.7572701188253361
1488 1.7571977734387159
1489 1.7571257063458077
1490 1.7570539164048429
1491 1.7569824024788319
1492 1.7569111634356844
1493 1.7568401981481212
1494 1.7567695054936954
1495 1.7566990843547063
1496 1.7566289336182273
1497 1.7565590521760968
1498 1.756489438924832
1499 1.756420092765717
1500 1.7563510126046558
1501 1.7562821973522564
1502 1.7562136459237314
1503 1.7561453572389534
1504 1.7560773302223496
1505 1.7560095638029756
1506 1.7559420569144073
1507 1.755874808494772
1508 1.755807817486749
1509 1.7557410828374895
1510 1.7556746034986177
1511 1.7556083784262262
1512 1.7555424065808938
1513 1.7554766869275402
1514 1.7554112184355684
1515 1.7553460000787255
1516 1.7552810308351208
1517 1.7552163096872346
1518 1.7551518356218512
1519 1.755087607630101
1520 1.7550236247073503
1521 1.7549598858532711
1522 1.7548963900718029
1523 1.7548331363710843
1524 1.754770123763484
1525 1.7547073512655824
1526 1.7546448178981178
1527 1.754582522686005
1528 1.7545204646583028
1529 1.754458642848199
1530 1.7543970562929496
1531 1.754335704033948
1532 1.754274585116681
1533 1.7542136985905739
1534 1.75415304350921
1535 1.754092618930159
1536 1.754032423914953
1537 1.753972457529144
1538 1.7539127188422625
1539 1.753853206927743
1540 1.7537939208629767
1541 1.7537348597292985
1542 1.7536760226118784
1543 1.7536174085998295
1544 1.7535590167860884
1545 1.7535008462674588
1546 1.7534428961445983
1547 1.753385165521891
1548 1.7533276535076612
1549 1.7532703592138494
1550 1.7532132817563055
1551 1.753156420254534
1552 1.7530997738318326
1553 1.7530433416151516
1554 1.7529871227351985
1555 1.7529311163263297
1556 1.7528753215266177
1557 1.7528197374776961
1558 1.7527643633249472
1559 1.7527091982172738
1560 1.7526542413072386
1561 1.752599491750991
1562 1.7525449487082652
1563 1.7524906113422594
1564 1.7524364788198483
1565 1.752382550311359
1566 1.752328824990643
1567 1.7522753020350452
1568 1.752221980625377
1569 1.752168859945952
1570 1.7521159391845342
1571 1.7520632175322848
1572 1.7520106941838107
1573 1.7519583683371323
1574 1.7519062391936333
1575 1.751854305958117
1576 1.751802567838716
1577 1.751751024046926
1578 1.7516996737975339
1579 1.7516485163087485
1580 1.7515975508019648
1581 1.7515467765019277
1582 1.7514961926366641
1583 1.7514457984374416
1584 1.7513955931387646
1585 1.7513455759784227
1586 1.7512957461973637
1587 1.7512461030397752
1588 1.7511966457530412
1589 1.751147373587692
1590 1.7510982857974489
1591 1.7510493816391826
1592 1.7510006603728763
1593 1.7509521212616557
1594 1.7509037635717846
1595 1.7508555865725481
1596 1.7508075895363802
1597 1.7507597717387704
1598 1.7507121324582342
1599 1.750664670976362
1600 1.7506173865777521
1601 1.7505702785500672
1602 1.750523346183884
1603 1.7504765887728615
1604 1.7504300056135758
1605 1.7503835960055933
1606 1.750337359251445
1607 1.75029129465655
1608 1.7502454015293076
1609 1.7501996791810126
1610 1.7501541269258476
1611 1.7501087440808751
1612 1.7500635299660974
1613 1.7500184839043054
1614 1.749973605221194
1615 1.7499288932452504
1616 1.7498843473078103
1617 1.7498399667430145
1618 1.7497957508878605
1619 1.7497516990820743
1620 1.749707810668153
1621 1.7496640849913925
1622 1.7496205213998492
1623 1.7495771192442924
1624 1.7495338778782574
1625 1.7494907966579445
1626 1.7494478749423121
1627 1.7494051120929832
1628 1.7493625074742802
1629 1.7493200604531887
1630 1.7492777703993507
1631 1.7492356366850665
1632 1.7491936586853043
1633 1.7491518357775626
1634 1.7491101673420453
1635 1.749068652761543
1636 1.7490272914214104
1637 1.748986082709578
1638 1.7489450260166082
1639 1.7489041207355296
1640 1.7488633662620119
1641 1.7488227619941865
1642 1.7487823073327549
1643 1.7487420016809088
1644 1.7487018444443636
1645 1.7486618350313292
1646 1.7486219728524615
1647 1.7485822573208885
1648 1.7485426878522854
1649 1.7485032638646767
1650 1.7484639847785608
1651 1.7484248500168864
1652 1.748385859004994
1653 1.7483470111706358
1654 1.7483083059439648
1655 1.7482697427575493
1656 1.7482313210462836
1657 1.7481930402474475
1658 1.7481548998006953
1659 1.748116899148038
1660 1.7480790377337754
1661 1.748041315004549
1662 1.7480037304093545
1663 1.7479662833994547
1664 1.7479289734284074
1665 1.7478917999520998
1666 1.7478547624286305
1667 1.7478178603184205
1668 1.7477810930841196
1669 1.7477444601906265
1670 1.747707961105099
1671 1.7476715952968696
1672 1.7476353622375764
1673 1.747599261401002
1674 1.7475632922631053
1675 1.7475274543021162
1676 1.7474917469983702
1677 1.7474561698344153
1678 1.7474207222949458
1679 1.7473854038668244
1680 1.7473502140390154
1681 1.7473151523026815
1682 1.7472802181510425
1683 1.7472454110794908
1684 1.747210730585491
1685 1.7471761761685907
1686 1.747141747330477
1687 1.7471074435748666
1688 1.7470732644075853
1689 1.747039209336485
1690 1.7470052778714955
1691 1.7469714695245937
1692 1.7469377838097546
1693 1.7469042202430216
1694 1.7468707783424213
1695 1.746837457628022
1696 1.7468042576218683
1697 1.7467711778480215
1698 1.746738217832473
1699 1.746705377103252
1700 1.7466726551902945
1701 1.7466400516255698
1702 1.7466075659429139
1703 1.7465751976781292
1704 1.7465429463690116
1705 1.7465108115551915
1706 1.7464787927782572
1707 1.7464468895817316
1708 1.7464151015109428
1709 1.746383428113224
1710 1.746351868937747
1711 1.746320423535518
1712 1.7462890914594693
1713 1.74625787226437
1714 1.7462267655068022
1715 1.7461957707452678
1716 1.7461648875400484
1717 1.746134115453239
1718 1.7461034540488243
1719 1.7460729028925102
1720 1.7460424615518857
1721 1.746012129596303
1722 1.745981906596888
1723 1.7459517921265642
1724 1.7459217857600262
1725 1.7458918870737379
1726 1.7458620956459192
1727 1.7458324110564907
1728 1.7458028328872168
1729 1.7457733607215415
1730 1.7457439941446005
1731 1.7457147327432965
1732 1.7456855761062422
1733 1.7456565238237463
1734 1.7456275754878312
1735 1.745598730692145
1736 1.7455699890321423
1737 1.7455413501048347
1738 1.745512813508954
1739 1.7454843788449137
1740 1.7454560457147552
1741 1.7454278137221506
1742 1.7453996824724538
1743 1.7453716515726236
1744 1.745343720631265
1745 1.7453158892585665
1746 1.7452881570663876
1747 1.7452605236681713
1748 1.7452329886789073
1749 1.745205551715245
1750 1.7451782123954016
1751 1.745150970339152
1752 1.745123825167869
1753 1.7450967765044736
1754 1.7450698239734335
1755 1.7450429672008194
1756 1.745016205814203
1757 1.7449895394426764
1758 1.7449629677169216
1759 1.7449364902691045
1760 1.74491010673293
1761 1.744883816743592
1762 1.7448576199378074
1763 1.7448315159538053
1764 1.744805504431266
1765 1.7447795850114218
1766 1.7447537573369092
1767 1.7447280210518972
1768 1.7447023758019908
1769 1.744676821234256
1770 1.7446513569972515
1771 1.744625982740956
1772 1.7446006981167603
1773 1.7445755027775465
1774 1.7445503963776214
1775 1.7445253785726527
1776 1.7445004490198075
1777 1.7444756073776353
1778 1.7444508533060634
1779 1.7444261864664627
1780 1.7444016065215509
1781 1.7443771131354886
1782 1.7443527059737833
1783 1.7443283847033288
1784 1.744304148992365
1785 1.7442799985105433
1786 1.7442559329288536
1787 1.744231951919601
1788 1.7442080551564902
1789 1.7441842423145475
1790 1.7441605130701319
1791 1.7441368671009518
1792 1.7441133040859902
1793 1.7440898237056213
1794 1.7440664256414617
1795 1.7440431095764823
1796 1.7440198751949332
1797 1.7439967221823747
1798 1.7439736502256473
1799 1.7439506590128722
1800 1.7439277482334767
1801 1.74390491757813
1802 1.7438821667387991
1803 1.7438594954086861
1804 1.7438369032822583
1805 1.7438143900552672
1806 1.7437919554246692
1807 1.7437695990886763
1808 1.7437473207467598
1809 1.7437251200995798
1810 1.743702996849073
1811 1.7436809506983642
1812 1.7436589813517733
1813 1.7436370885148926
1814 1.743615271894465
1815 1.7435935311984778
1816 1.7435718661360733
1817 1.7435502764175945
1818 1.7435287617545818
1819 1.7435073218597625
1820 1.743485956447005
1821 1.7434646652313948
1822 1.7434434479291223
1823 1.743422304257585
1824 1.7434012339353457
1825 1.7433802366820754
1826 1.7433593122185922
1827 1.7433384602669106
1828 1.743317680550114
1829 1.7432969727924554
1830 1.743276336719292
1831 1.7432557720571147
1832 1.7432352785335472
1833 1.743214855877273
1834 1.7431945038181464
1835 1.743174222087075
1836 1.7431540104161174
1837 1.7431338685383289
1838 1.7431137961879852
1839 1.7430937931003165
1840 1.7430738590117127
1841 1.7430539936596396
1842 1.74303419678256
1843 1.7430144681200717
1844 1.742994807412848
1845 1.7429752144025363
1846 1.7429556888319102
1847 1.7429362304447373
1848 1.7429168389858694
1849 1.7428975142011924
1850 1.742878255837607
1851 1.7428590636430317
1852 1.7428399373664498
1853 1.7428208767578437
1854 1.7428018815682274
1855 1.7427829515495872
1856 1.7427640864549552
1857 1.7427452860383608
1858 1.7427265500548539
1859 1.7427078782603846
1860 1.7426892704120325
1861 1.7426707262677759
1862 1.7426522455865905
1863 1.742633828128422
1864 1.7426154736542159
1865 1.7425971819258845
1866 1.7425789527062838
1867 1.7425607857592589
1868 1.7425426808495559
1869 1.742524637742998
1870 1.7425066562062104
1871 1.7424887360068513
1872 1.7424708769135142
1873 1.7424530786957098
1874 1.7424353411238818
1875 1.7424176639694156
1876 1.7424000470046146
1877 1.7423824900027396
1878 1.7423649927378988
1879 1.742347554985182
1880 1.7423301765205406
1881 1.7423128571208506
1882 1.74229559656394
1883 1.7422783946284277
1884 1.7422612510939302
1885 1.7422441657409198
1886 1.742227138350719
1887 1.7422101687055709
1888 1.7421932565886085
1889 1.7421764017838337
1890 1.7421596040760952
1891 1.7421428632511506
1892 1.7421261790955702
1893 1.742109551396822
1894 1.7420929799432496
1895 1.7420764645240245
1896 1.7420600049291548
1897 1.742043600949511
1898 1.7420272523768392
1899 1.7420109590036648
1900 1.7419947206234112
1901 1.7419785370302627
1902 1.7419624080193141
1903 1.7419463333864222
1904 1.7419303129283097
1905 1.7419143464424827
1906 1.7418984337272563
1907 1.7418825745818367
1908 1.741866768806142
1909 1.741851016200939
1910 1.7418353165678089
1911 1.741819669709095
1912 1.7418040754279784
1913 1.7417885335283845
1914 1.7417730438150734
1915 1.7417576060935651
1916 1.7417422201701613
1917 1.7417268858519304
1918 1.7417116029467583
1919 1.7416963712632403
1920 1.7416811906108254
1921 1.7416660607996493
1922 1.741650981640627
1923 1.7416359529454755
1924 1.7416209745266051
1925 1.741606046197224
1926 1.7415911677713005
1927 1.7415763390634664
1928 1.7415615598892256
1929 1.7415468300646904
1930 1.741532149406796
1931 1.7415175177331779
1932 1.741502934862227
1933 1.7414884006130515
1934 1.741473914805441
1935 1.7414594772599596
1936 1.7414450877979135
1937 1.7414307462412149
1938 1.7414164524126134
1939 1.7414022061355021
1940 1.7413880072339494
1941 1.7413738555328155
1942 1.7413597508575922
1943 1.7413456930345161
1944 1.741331681890482
1945 1.741317717253057
1946 1.741303798950587
1947 1.74128992681198
1948 1.7412761006669737
1949 1.7412623203458202
1950 1.7412485856795803
1951 1.7412348964999331
1952 1.7412212526392346
1953 1.74120765393052
1954 1.741194100207471
1955 1.741180591304449
1956 1.7411671270565041
1957 1.7411537072992622
1958 1.7411403318691088
1959 1.7411270006029715
1960 1.7411137133385202
1961 1.7411004699140329
1962 1.7410872701683968
1963 1.7410741139412218
1964 1.7410610010727237
1965 1.7410479314036709
1966 1.7410349047755893
1967 1.741021921030581
1968 1.7410089800113595
1969 1.7409960815613075
1970 1.7409832255243716
1971 1.7409704117451792
1972 1.7409576400689406
1973 1.740944910341479
1974 1.7409322224092187
1975 1.740919576119262
1976 1.7409069713192677
1977 1.7408944078574746
1978 1.7408818855827366
1979 1.7408694043445692
1980 1.7408569639930194
1981 1.740844564378735
1982 1.7408322053529746
1983 1.740819886767597
1984 1.7408076084750082
1985 1.7407953703282302
1986 1.740783172180887
1987 1.740771013887132
1988 1.7407588953016782
1989 1.7407468162799418
1990 1.7407347766777588
1991 1.7407227763516246
1992 1.7407108151585524
1993 1.74069889295622
1994 1.7406870096027163
1995 1.7406751649568224
1996 1.7406633588777913
1997 1.7406515912255
1998 1.740639861860334
1999 1.7406281706432356
2000 1.740616517435719
2001 1.7406049020998193
2002 1.7405933244981249
2003 1.7405817844937772
2004 1.740570281950439
2005 1.740558816732336
2006 1.740547388704216
2007 1.7405359977313422
2008 1.7405246436795325
2009 1.740513326415122
2010 1.7405020458050129
2011 1.7404908017165706
2012 1.7404795940176887
2013 1.7404684225768234
2014 1.740457287262931
2015 1.74044618794547
2016 1.7404351244944414
2017 1.7404240967803182
2018 1.7404131046741256
2019 1.7404021480473635
2020 1.7403912267720114
2021 1.7403803407206335
2022 1.7403694897662303
2023 1.7403586737823635
2024 1.740347892643007
2025 1.7403371462226442
2026 1.7403264343963332
2027 1.7403157570395584
2028 1.7403051140282706
2029 1.7402945052389707
2030 1.740283930548609
2031 1.7402733898346325
2032 1.7402628829749278
2033 1.7402524098479146
2034 1.7402419703324337
2035 1.7402315643078807
2036 1.7402211916540518
2037 1.740210852251223
2038 1.7402005459801726
2039 1.7401902727221368
2040 1.740180032358794
2041 1.7401698247722919
2042 1.7401596498452654
2043 1.7401495074607631
2044 1.7401393975023274
2045 1.7401293198539527
2046 1.7401192744000848
2047 1.7401092610255986
2048 1.740099279615833
2049 1.7400893300566274
2050 1.7400794122341443
2051 1.7400695260351045
2052 1.7400596713466294
2053 1.7400498480562632
2054 1.7400400560520584
2055 1.7400302952223816
2056 1.7400205654561476
2057 1.7400108666426481
2058 1.740001198671638
2059 1.7399915614332622
2060 1.7399819548181448
2061 1.7399723787172563
2062 1.739962833022112
2063 1.739953317624541
2064 1.7399438324168242
2065 1.739934377291693
2066 1.739924952142233
2067 1.7399155568620586
2068 1.7399061913450353
2069 1.7398968554855936
2070 1.7398875491785162
2071 1.7398782723189348
2072 1.7398690248024677
2073 1.73985980652516
2074 1.7398506173833508
2075 1.7398414572738774
2076 1.7398323260939506
2077 1.7398232237411424
2078 1.7398141501134783
2079 1.7398051051093564
2080 1.7397960886275856
2081 1.7397871005672834
2082 1.7397781408280648
2083 1.7397692093099175
2084 1.7397603059131737
2085 1.7397514305385682
2086 1.7397425830871953
2087 1.7397337634605838
2088 1.7397249715606369
2089 1.7397162072895824
2090 1.7397074705500712
2091 1.7396987612451185
2092 1.7396900792781393
2093 1.7396814245528684
2094 1.7396727969734789
2095 1.739664196444453
2096 1.7396556228706463
2097 1.7396470761573546
2098 1.739638556210149
2099 1.7396300629350252
2100 1.7396215962383177
2101 1.7396131560267214
2102 1.7396047422072751
2103 1.7395963546874234
2104 1.7395879933749028
2105 1.7395796581778995
2106 1.7395713490048472
2107 1.7395630657645695
2108 1.7395548083662915
2109 1.7395465767195155
2110 1.7395383707341525
2111 1.739530190320433
2112 1.739522035388899
2113 1.7395139058504852
2114 1.7395058016164495
2115 1.7394977225983972
2116 1.7394896687082773
2117 1.739481639858349
2118 1.7394736359612548
2119 1.7394656569299112
2120 1.739457702677637
2121 1.739449773118026
2122 1.7394418681650585
2123 1.739433987732972
2124 1.7394261317364033
2125 1.739418300090288
2126 1.739410492709875
2127 1.7394027095107583
2128 1.7393949504088586
2129 1.7393872153203591
2130 1.7393795041618714
2131 1.7393718168502292
2132 1.7393641533026223
2133 1.739356513436599
2134 1.739348897169929
2135 1.7393413044207804
2136 1.7393337351075786
2137 1.7393261891490992
2138 1.7393186664643998
2139 1.7393111669728625
2140 1.7393036905941854
2141 1.7392962372483485
2142 1.7392888068556733
2143 1.7392813993367162
2144 1.7392740146124324
2145 1.7392666526039984
2146 1.7392593132329446
2147 1.7392519964210575
2148 1.739244702090455
2149 1.7392374301635016
2150 1.7392301805629309
2151 1.7392229532117427
2152 1.7392157480332022
2153 1.7392085649508753
2154 1.7392014038886157
2155 1.7391942647706349
2156 1.7391871475213259
2157 1.7391800520654237
2158 1.7391729783279952
2159 1.7391659262342785
2160 1.7391588957098758
2161 1.7391518866806859
2162 1.739144899072837
2163 1.7391379328127285
2164 1.7391309878271044
2165 1.739124064042948
2166 1.7391171613875092
2167 1.739110279788339
2168 1.7391034191732375
2169 1.7390965794703328
2170 1.7390897606079163
2171 1.7390829625146509
2172 1.7390761851194525
2173 1.739069428351446
2174 1.7390626921401087
2175 1.7390559764151428
2176 1.739049281106512
2177 1.7390426061444388
2178 1.7390359514594063
2179 1.7390293169822062
2180 1.7390227026438632
2181 1.739016108375637
2182 1.7390095341090819
2183 1.739002979775973
2184 1.7389964453084097
2185 1.7389899306386531
2186 1.738983435699328
2187 1.7389769604232193
2188 1.7389705047434125
2189 1.7389640685932357
2190 1.7389576519062548
2191 1.7389512546163304
2192 1.7389448766575077
2193 1.7389385179641228
2194 1.7389321784707472
2195 1.7389258581122014
2196 1.7389195568235456
2197 1.7389132745400857
2198 1.7389070111973965
2199 1.7389007667312428
2200 1.7388945410776513
2201 1.738888334172934
2202 1.7388821459535524
2203 1.7388759763562804
2204 1.738869825318145
2205 1.7388636927763312
2206 1.7388575786682978
2207 1.7388514829317419
2208 1.7388454055046028
2209 1.7388393463250396
2210 1.7388333053314204
2211 1.7388272824624016
2212 1.7388212776568208
2213 1.7388152908537315
2214 1.7388093219924805
2215 1.7388033710125794
2216 1.7387974378538065
2217 1.7387915224561525
2218 1.7387856247597975
2219 1.7387797447051911
2220 1.738773882233026
2221 1.7387680372840895
2222 1.7387622097995779
2223 1.7387563997207756
2224 1.7387506069891763
2225 1.738744831546595
2226 1.7387390733349657
2227 1.738733332296487
2228 1.7387276083735594
2229 1.738721901508788
2230 1.7387162116450523
2231 1.7387105387253328
2232 1.7387048826929339
2233 1.7386992434913138
2234 1.7386936210641195
2235 1.7386880153552475
2236 1.7386824263088314
2237 1.7386768538691362
2238 1.7386712979806602
2239 1.7386657585881606
2240 1.7386602356365288
2241 1.7386547290708798
2242 1.738649238836572
2243 1.7386437648791244
2244 1.738638307144248
2245 1.7386328655779129
2246 1.7386274401262225
2247 1.7386220307355316
2248 1.738616637352369
2249 1.7386112599234522
2250 1.738605898395735
2251 1.73860055271627
2252 1.7385952228324768
2253 1.7385899086918124
2254 1.7385846102420022
2255 1.7385793274309218
2256 1.738574060206674
2257 1.738568808517569
2258 1.738563572312064
2259 1.7385583515388272
2260 1.7385531461467152
2261 1.738547956084758
2262 1.7385427813022052
2263 1.7385376217484794
2264 1.7385324773731479
2265 1.7385273481260455
2266 1.7385222339571516
2267 1.7385171348165744
2268 1.7385120506546965
2269 1.738506981422039
2270 1.738501927069298
2271 1.7384968875473898
2272 1.7384918628073633
2273 1.7384868528004813
2274 1.7384818574781429
2275 1.7384768767919783
2276 1.738471910693756
2277 1.7384669591354813
2278 1.7384620220692348
2279 1.7384570994473671
2280 1.7384521912223365
2281 1.7384472973468266
2282 1.7384424177736675
2283 1.7384375524558828
2284 1.7384327013466134
2285 1.7384278643992315
2286 1.7384230415672726
2287 1.7384182328044517
2288 1.7384134380645608
2289 1.7384086573016597
2290 1.7384038904699828
2291 1.7383991375238717
2292 1.7383943984178316
2293 1.7383896731065964
2294 1.738384961545006
2295 1.7383802636881254
2296 1.7383755794911095
2297 1.738370908909304
2298 1.738366251898288
2299 1.7383616084136915
2300 1.7383569784113533
2301 1.7383523618473138
2302 1.73834775867772
2303 1.738343168858873
2304 1.7383385923472903
2305 1.7383340290995704
2306 1.7383294790725454
2307 1.7383249422231637
2308 1.7383204185085255
2309 1.7383159078859056
2310 1.738311410312719
2311 1.7383069257465564
2312 1.7383024541451364
2313 1.7382979954663569
2314 1.738293549668228
2315 1.7382891167089678
2316 1.7382846965468965
2317 1.7382802891405256
2318 1.7382758944484666
2319 1.7382715124295247
2320 1.7382671430426662
2321 1.7382627862469506
2322 1.73825844200162
2323 1.73825411026604
2324 1.7382497909997912
2325 1.738245484162529
2326 1.7382411897140662
2327 1.738236907614407
2328 1.738232637823596
2329 1.73822838030193
2330 1.7382241350098449
2331 1.7382199019078075
2332 1.7382156809565696
2333 1.7382114721169297
2334 1.7382072753498707
2335 1.7382030906164672
2336 1.738198917878011
2337 1.738194757095876
2338 1.7381906082315886
2339 1.7381864712468023
2340 1.7381823461033206
2341 1.73817823276313
2342 1.738174131188252
2343 1.738170041340915
2344 1.7381659631835016
2345 1.738161896678453
2346 1.7381578417884185
2347 1.738153798476151
2348 1.7381497667045183
2349 1.7381457464365662
2350 1.7381417376353976
2351 1.7381377402643694
2352 1.738133754286857
2353 1.7381297796664184
2354 1.738125816366737
2355 1.7381218643515977
2356 1.7381179235849469
2357 1.738113994030864
2358 1.7381100756535697
2359 1.7381061684173282
2360 1.7381022722865929
2361 1.7380983872259985
2362 1.7380945132002137
2363 1.7380906501740758
2364 1.7380867981125139
2365 1.738082956980669
2366 1.738079126743677
2367 1.738075307366927
2368 1.738071498815813
2369 1.7380677010559502
2370 1.7380639140530334
2371 1.7380601377728844
2372 1.738056372181402
2373 1.7380526172447361
2374 1.7380488729290025
2375 1.738045139200512
2376 1.7380414160257185
2377 1.7380377033711283
2378 1.73803400120342
2379 1.7380303094893859
2380 1.738026628195902
2381 1.738022957290009
2382 1.7380192967388233
2383 1.738015646509601
2384 1.7380120065696871
2385 1.7380083768865817
2386 1.738004757427898
2387 1.738001148161318
2388 1.737997549054673
2389 1.7379939600758902
2390 1.73799038119307
2391 1.7379868123743376
2392 1.737983253587955
2393 1.737979704802327
2394 1.7379761659859965
2395 1.7379726371075035
2396 1.7379691181356307
2397 1.7379656090391908
2398 1.7379621097871054
2399 1.7379586203484836
2400 1.73795514069245
2401 1.7379516707882727
2402 1.7379482106053368
2403 1.737944760113117
2404 1.7379413192812434
2405 1.737937888079384
2406 1.7379344664773617
2407 1.7379310544451023
2408 1.7379276519525837
2409 1.7379242589699848
2410 1.7379208754674957
2411 1.7379175014154558
2412 1.7379141367843325
2413 1.7379107815446626
2414 1.7379074356670734
2415 1.7379040991222883
2416 1.7379007718812174
2417 1.7378974539147767
2418 1.7378941451940426
2419 1.7378908456901496
2420 1.737887555374376
2421 1.737884274218064
2422 1.7378810021926874
2423 1.7378777392697824
2424 1.737874485421024
2425 1.737871240618172
2426 1.7378680048330732
2427 1.7378647780376875
2428 1.737861560204083
2429 1.7378583513043573
2430 1.7378551513108125
2431 1.7378519601957358
2432 1.7378487779316185
2433 1.7378456044909807
2434 1.7378424398464312
2435 1.7378392839707195
2436 1.73783613683667
2437 1.73783299841717
2438 1.7378298686852907
2439 1.7378267476140445
2440 1.7378236351767096
2441 1.7378205313465753
2442 1.7378174360969538
2443 1.7378143494013547
2444 1.7378112712333749
2445 1.7378082015666567
2446 1.7378051403749524
2447 1.737802087632099
2448 1.7377990433120192
2449 1.7377960073887464
2450 1.7377929798364176
2451 1.73778996062919
2452 1.7377869497414098
2453 1.7377839471474028
2454 1.7377809528216668
2455 1.7377779667387458
2456 1.7377749888733172
2457 1.7377720192000667
2458 1.737769057693852
2459 1.7377661043295758
2460 1.7377631590822202
2461 1.7377602219268626
2462 1.7377572928386855
2463 1.737754371792947
2464 1.7377514587649585
2465 1.7377485537301502
2466 1.737745656664044
2467 1.7377427675422128
2468 1.7377398863403481
2469 1.7377370130341834
2470 1.7377341475996035
2471 1.7377312900125004
2472 1.7377284402488895
2473 1.7377255982848647
2474 1.7377227640965895
2475 1.7377199376603334
2476 1.737717118952426
2477 1.7377143079492676
2478 1.7377115046273828
2479 1.7377087089633338
2480 1.7377059209338008
2481 1.7377031405155066
2482 1.7377003676852496
2483 1.7376976024199704
2484 1.7376948446966036
2485 1.7376920944922438
2486 1.737689351783994
2487 1.7376866165490967
2488 1.7376838887648078
2489 1.7376811684085176
2490 1.7376784554576519
2491 1.737675749889746
2492 1.7376730516824164
2493 1.7376703608133195
2494 1.7376676772602149
2495 1.73766500100089
2496 1.7376623320132893
2497 1.7376596702753926
2498 1.7376570157652336
2499 1.7376543684609538
