0.24531841588872894 0.8742728365166288
0.7023574155490381 -1.1784907416456796
0.10980577083192211 0.43730091889208156
0.20444892600144104 1.1444772149690372
0.19698157094263802 0.972347931836752
0.8329664784080569 -0.8561182073999523
0.2590825265175499 0.7717694136260673
0.7376546256485252 -0.84141380099345
0.963475895641749 -0.12678538835853012
0.7724743843412981 -0.9983487224764884
0.006099270641435672 0.20462673302448997
0.40078976009007294 0.804110140696159
0.6290497940163564 -0.6147427039074722
0.12611754556356236 0.8139088996460612
0.5207461050957485 -0.05346940399413583
0.35508709286175844 0.7809385715747466
0.16009556983666062 0.8447818260430664
0.7603896197712031 -1.0418600164057361
0.1553560981544816 0.7368534051221947
0.27887931538989696 0.987181701199932
0.023890278267487464 0.3608863027552678
0.853621570848833 -0.7177413569108377
0.16076691393653753 0.6038022719592206
0.9085660472916155 -0.819667664809387
0.45217334984447854 0.4368665907098029
0.33065582383788594 0.6179361677826878
0.10385939474568495 0.45782159888134855
0.4265656372238763 0.32797882911722326
0.7753416021336224 -1.2670370904562291
0.9198961660909324 -0.47606029574010067
0.037354562878097686 0.49073176138168767
0.5595331945504798 -0.43769538625746424
0.5030434353530249 -0.13341312010639628
0.32101409658661917 0.9586041860229458
0.7226501247832781 -0.7818221547327444
0.500125943094754 0.12328560734772256
0.07695292417634114 0.7283782525074685
0.22159343179132696 0.8222957011346649
0.456477653596429 0.16050875531170333
0.015596977069770146 0.09556084467182267
0.47150559454618346 -0.07508021018891387
0.15099390729531958 0.5888096957918976
0.3021620768204645 1.0338903267234245
0.35649933746823825 0.7364281396062977
0.06837666477215365 0.2030802845608914
0.40971544204844534 0.5669523312259217
0.7762642204926259 -0.7194715291556759
0.8287807066929577 -1.0319361085793906
0.4804834726865901 0.29297361716151554
0.5625440502923257 -0.3503315984337558
0.2913881185702808 0.8239912174698766
0.14255081107333178 0.6633739491890016
0.2512927116704844 1.0169744439046742
0.23376086684841502 0.827727886613479
0.9059338314202929 -0.4611215516272311
0.9008022388307555 -0.3293233782678661
0.6052144729941401 -0.5608744476295493
0.19269517400131775 1.0276234433842337
0.1815777131145363 0.8482387085934879
0.8413662490483206 -0.9903345467662756
0.6748636502298029 -0.8833727522298596
0.9679031266047473 -0.04505843071763707
0.19926058084329967 0.9787087691197104
0.6953846591872606 -1.2027838887556603
0.8809705318174813 -0.5946425633883371
0.47825319030938185 -0.1035974080863778
0.03446570379741287 0.2772327605052827
0.7755789918248079 -0.9655891296115054
0.3907213536080246 0.691990103196833
0.4191994605487792 0.3711879309218168
0.24256750441509634 1.2618078340835919
0.657598422641301 -0.5379624079356826
0.8303104213978403 -1.0447772760093892
0.39252430186569975 0.8335331248089317
0.15503225604501414 0.6339219919967429
0.5677274346597316 -0.5958100138650169
0.6774848509507976 -0.7753048582972556
0.017831467764419462 -0.10160132029506917
0.03725222871507683 0.4306532281912998
0.340234609006863 0.9175287776505897
0.009863200245574966 0.2916734384173049
0.5140709693080283 -0.17655247603033414
0.4087941721777031 0.6923044384021281
0.05764391168452354 0.5609811536374028
0.534809361818964 -0.02579265561510058
0.48937687499803717 -0.07070992391453491
0.07684386359256812 0.3202982047920323
0.7372094074313068 -0.7295149228564508
0.07664281858003064 0.30282322327288647
0.9274993921116756 -0.6305904839231153
0.6836274078518723 -1.1917903666471155
0.6768749464277996 -0.884040830318578
0.9469665937127467 -0.3716180967222852
0.6091124492871071 -0.5486217362953159
0.8185911296678661 -1.1666843226135144
0.3239999709924022 1.088698006726012
0.8738941694053451 -0.611695920806504
0.4562779889709119 0.2524521258517187
0.9961207826805683 -0.15846942443113293
0.7801325782389349 -0.6848544879981293
