# Distortion 5.493173738266318
# Centroids
7.979238431875532 11.290973239902186 # 98
3.682275621959972 10.463604528983673 # 99
14.532042847224414 8.449326751353453 # 103


5.0722801128868245 11.341986879305876
8.960585145286228 10.77161609169382
7.900536568308526 11.334703648495841
9.454384029380652 11.612290377611416
6.379202083040291 11.602438099303239
7.131293113364638 10.894559413126823
8.455246056205693 12.28298538384085
8.140431279403646 11.498804054935064
8.485782707182965 10.868292393719011
8.278518350674297 11.139908483336223
8.62669631169877 12.309385233526422
9.43143308775385 11.355692059386072
7.784604081803763 10.530923273853436
7.0560986252795015 10.685274579887203
8.67636900541667 10.255591530317279
7.460821155230472 11.282162591618409
8.255820591538887 11.761936550221497
9.750799307223131 10.926185560470376
9.794580221952538 10.01917120447559
8.712024817691278 10.798060359952995
8.389830237264704 10.487391233121201
7.681419843796714 10.629894427756142
8.749133746956945 11.31417041089982
8.548001680978366 11.456564288318123
5.503970112716973 11.297760343710156
7.843322904210755 11.390612903790869
8.792548234364842 11.911302022339532
7.567469767879983 12.071311812480843
9.245269555148273 11.424900074245269
7.852585928584559 11.357370458232866
7.238295734057473 11.861464293157164
7.178834996051875 12.456564612691821
8.063692033789387 11.129252485051845
6.994661159906608 11.131021752919503
9.107091571535307 10.05926421995597
7.720749641566499 9.740276006707226
7.819474254376295 11.004459378224217
8.293777830499181 11.322519270383179
8.427632332505734 11.538723061455837
8.227545987759338 12.580181650235746
8.769923971876793 11.667831100840466
7.601511613266469 10.875098407875212
8.409418461070844 11.144807011493217
6.777722336036699 11.401520875478898
7.341950123311211 11.672328215488784
6.905343867017773 12.601290840667462
7.900172544779602 11.524782076733837
9.831509282469522 10.435171355736923
7.574515835313347 11.729337473110535
7.559032347099232 12.073399558789056
7.801998129378414 11.368189073258533
8.815828160790804 11.389971608693273
8.498071537811219 10.294114131292387
8.968059673270231 10.319915897687022
7.0214799824682705 11.373716197773843
9.372718171402404 11.833817635519695
6.175122560614107 11.044483976789332
7.404266873685663 9.242211424975531
6.7077009442239115 11.191591767110031
7.3121182503750415 11.622064023277137
9.138396675260955 9.607842436106102
8.35667569662673 11.705516685954274
6.2319577307209615 11.925215681377118
6.505585721337644 12.305452443662224
7.787270416310807 10.597995189561203
7.949592316737014 10.50954063588249
7.993016303627582 12.612576930826606
7.8039614616665975 10.689987682267551
8.05586376614448 11.473104121775267
9.470325594734216 10.292316415747065
8.323400063524769 11.374361152481642
9.763468537050215 9.900179928737812
8.688475395083106 11.21637537779152
7.479667395075405 11.392188846485386
6.465137133536997 12.033214644923449
6.9052567164935965 11.298321722980617
7.240541727820708 11.464651292864158
9.464858996511504 11.07914390233633
8.208614911809155 11.97174348561887
5.60779327946288 11.394627826226131
8.054036076679646 10.55789023924485
8.7298897880471 12.2674782711534
9.795961459977558 11.336988179059139
6.086650908178677 12.616593403569478
7.707437468655094 11.828139401710162
8.902956613903555 11.246723808669087
8.055800160241011 12.427538722257852
9.46846749060668 11.233525390756448
8.852090963107457 12.30964344255155
8.457257678477031 12.084998760136504
7.8050826267837055 11.2778429020253
7.67409989347046 10.947218377040487
6.322497474203505 11.552408050118574
8.05387184413625 10.609320348075643
7.785484914208734 12.22686577102365
8.052868265438683 11.274766384310402
6.77652419137291 10.580461745419983
8.143249795244692 11.050002782339805


3.872166398718778 10.825745565237288
3.3948402405068387 10.361459351741171
3.9620881047987098 10.332127852951361
3.88693832103149 10.365273567445549
3.80623127195002 11.247624823300841
3.197972138708538 11.16874004941481
4.014876956156132 9.679134608422203
2.9574362150520264 9.850606990260484
3.9452945885481947 10.305743227029403
3.048008609477172 11.940496931313605
3.504694527720165 10.81508416773064
3.325702228997499 10.950278588086618
3.3880626475317834 10.86279199223349
2.250614638462455 10.600548729103933
5.025660282012426 11.189563986981726
2.184793364055671 10.457757756792732
3.3508968453410475 11.196086100177576
2.519444785400836 10.489895577199398
5.741943087002322 9.715453454053355
3.2254278757139856 10.274975132522483
2.7469094672509833 12.083371241395266
3.1727011140128907 11.172599835422004
5.2870040771667774 9.23303213103684
4.132433256548192 10.092101308119947
3.4226529789471503 10.913692396117574
2.815324734546561 10.10361787731827
3.58591468776659 10.816912560413122
4.752049071295596 10.249552175817467
3.9485323581908913 10.588200611834235
4.172149793566957 11.423048298583234
4.7338318686597916 9.370447082283567
4.169663992573114 10.541868818826769
3.801025493439038 11.612582136612014
4.6109034686868675 9.952112161844086
4.595912579429886 10.582765949052938
3.551037299923462 10.764044621374694
3.2024882387053006 10.367368911381071
4.688922652596044 9.81257761531033
5.049981224126315 9.674804416597121
4.735772110545057 10.36655415114992
3.1942955777801547 10.311516544684943
4.985531474809746 10.17404371384797
4.450417564518416 11.355497244358801
3.929744405819811 11.312298401852363
3.769243111577958 10.18426347994109
4.468921221311316 9.801960527372476
4.621837679117737 11.331950126313187
3.647887181523931 11.966974513807315
2.4950286214512687 11.272152562665969
3.98558416703902 10.639930568591438
4.194989079060964 10.007422123908583
3.845714180345654 9.220441970008716
3.564517991598752 10.848698416423693
4.3327413049145855 10.273997466490295
3.7471361087486557 9.530765919934549
2.6729804366539556 10.796620015117803
3.5959129074087093 10.931249834146115
2.354558679632645 10.428477188617618
2.4516477216594863 10.603966026565047
4.260013657662586 9.639813229602101
3.3586322459197007 10.142809465623717
3.9845513081840984 11.306238529534264
2.759865190133076 10.281018878233203
3.2061059567369945 10.612827161247068
1.6881123333404568 9.793136714979148
2.5398159312219173 10.111629703939434
2.960247710303941 10.74948276067077
2.37141813664684 11.863022193755262
3.6424547469393955 9.842386452108915
2.528824209709075 11.174945847743155
3.424130875997464 9.806739685213007
3.1776075812609594 11.619316699444822
2.792203155417984 10.741882465556355
2.643018330974657 11.190110232826013
5.138124333536079 8.671140444316963
4.313372042300188 9.151091174276207
4.192178374975819 9.871158655175325
2.8345034979312436 10.285635528023768
4.529960483089867 9.527376083878606
5.1895493572359435 8.864605633458137
4.344537458038996 10.496038313676891
3.2997683303983667 10.069866445725465
3.6849407787375634 9.932935113213038
2.878051253497505 10.82589633820029
3.5582533680026804 10.629298082913703
3.7130541233085443 10.147578251687992
4.2152208213214575 10.43947666116502
2.7960235417025743 10.83676428241681
5.220443078442662 10.21595256560505
3.0519987234127957 10.743352225083317
2.4076009205899798 11.657398340626251
4.504401942290445 9.977291564628384
4.284605111518373 10.402056430258261
4.110571483766585 9.522177619235036
3.3772537893381456 10.997861225139626
5.0864591761450315 9.081070944761002
3.211401211107529 10.373590214698922
3.0594272044991575 11.044259628882504
4.1195917882641915 9.91474718472255


10.37109582519522 9.591418633706475
10.19146299863159 9.500009833755911
11.076108077281818 9.430727121885493
15.605655864071686 9.080223647284281
12.512028838125605 8.498636354899585
14.717925417455499 8.062213106585629
14.936273999610403 8.366465631821663
13.963314676215703 7.588709503169309
14.513606139810252 8.976258093728473
14.500437032146033 8.719105018494181
15.094519644616067 8.033681354665397
13.413207977105133 7.705905707199408
15.438196670489495 8.669971055344986
13.292460911592158 7.836679546932558
15.301709235042937 8.586897202467108
13.83022949045212 8.490185514300777
15.283552625918464 8.369902348936657
14.116802355614253 7.789407919217464
14.180362889998706 8.075482647095724
14.361857339215609 8.278920268845427
15.373625260529423 7.606860468956917
13.908551374821526 7.500226241282418
15.67447753272006 9.05542240645436
14.398408816137039 8.587012580577637
14.14010525694137 8.366567470055633
15.731576945794528 8.686201978751258
13.986460840750672 10.259576552613186
14.523031237237552 9.061417757650108
15.3970192394784 8.240127361456446
14.486396328016554 7.642425186543949
13.949577410108564 7.8697178785136686
14.638305556716855 8.005371719135896
15.714680701131906 8.830759403090667
14.713842748038669 8.673325304448811
14.709320882841382 7.5557073697287205
14.430826517288516 8.838370936565694
13.17567634833838 8.849216016127379
13.366916763023916 8.571832702695943
14.602873891503627 8.937986890351866
15.721651769021996 8.117842960334917
15.842456488581597 9.794365259834244
16.09631923687181 9.003900477897362
14.406845194727667 8.332808893876656
15.340291429216842 9.219195602863225
14.25038599748365 8.819771166376121
15.23681495189873 9.44911736555998
13.527244517406125 8.572345687102601
15.275904643147527 8.665380732164463
15.472040377657661 7.811124076735954
14.670671636616996 8.915848032440486
14.78060764818686 7.456488376335145
14.621977266175012 8.920429239950955
14.805540818392469 7.9904638940645185
13.355527155773203 8.22446176496608
16.11846362831017 9.146891561358528
14.776402883142792 7.92540977136623
13.191826077473996 8.358283098164337
13.4209427196733 7.500507927371942
14.160781704185172 7.033103107340109
13.932958253722964 8.469306421702354
13.166783201226213 7.955307658437729
13.7010578222485 7.577720261908333
14.18893447479964 8.974262407418381
15.70300400500781 8.767779558326321
15.304350752148247 8.455311678614528
14.638876441823928 7.597377005587125
12.910890830843783 8.172095704145605
15.59670228712087 9.243102342316826
15.040615381017428 8.145605816213173
14.475394080361866 8.615192697780866
13.813846514436293 8.32108118216858
14.891983683107155 8.301827534369387
15.861215854175263 8.46396414790776
14.809277649502636 8.897753682493935
13.666964434280548 9.057773383403438
14.464989290789106 8.501750882239625
14.869613736693324 8.827518766032263
15.151663474360724 7.6053678045616575
15.621034481965681 8.77701388936799
15.007099995993798 8.970269939888869
14.084936859299152 8.991870903981443
14.422621649943604 8.496841871655082
16.236084652047253 7.720297741781179
13.942185941664153 7.873726433317785
15.763394365423148 8.018328243457916
14.316637292501062 8.484666820527972
13.028930800713526 8.411675991916635
14.219899849970023 7.88475073187513
15.700756716484483 9.195484768694877
13.499350678374494 8.50552771130401
15.226409027799718 8.670024216861098
15.100156895363927 8.423569643702274
14.80480913720735 7.723854835062959
16.61186807489134 8.733786355154805
13.522851488553577 8.83000996015449
15.71141213448557 8.8523812311835
16.4718041615012 8.623702513781568
15.381230281517075 8.524256973763363
15.187215094044412 7.63908725528964
14.69535628237664 8.660314442295583
15.102233706882812 7.731866994711687
14.732685146525231 8.547598399513628
13.525148576968505 7.992982853093446
